FLMS05996_1:101		
187,658	-137,51	
188,124	-137,51	
188,589	-137,51	
189,055	-102,4	
189,521	-90,7	
189,987	-32,18	
190,452	-83,67	
190,918	-81,33	
191,384	-29,84	
191,849	-69,63	
192,314	-50,91	
192,78	-43,89	
193,245	0,59	
193,711	-1,76	
194,176	9,95	
194,641	9,95	
195,106	33,35	
195,571	2,93	
196,037	138,68	
196,502	77,82	
196,967	119,95	
197,431	94,21	
197,896	145,7	
198,361	236,98	
198,826	679,34	
199,291	672,32	
199,755	630,19	
200,22	627,85	
200,685	669,98	
201,149	688,7	
201,614	644,23	
202,078	674,66	
202,543	751,9	
203,007	758,92	
203,471	712,11	
203,936	747,22	
204,4	737,85	
204,864	763,6	
205,328	672,32	
205,792	700,41	
206,256	789,35	
206,72	695,72	
207,184	712,11	
207,648	723,81	
208,112	667,64	
208,576	721,47	
209,039	684,02	
209,503	662,96	
209,967	632,53	
210,43	655,94	
210,894	644,23	
211,357	639,55	
211,821	667,64	
212,284	693,38	
212,747	714,45	
213,211	686,36	
213,674	679,34	
214,137	590,4	
214,6	751,9	
215,063	646,57	
215,526	632,53	
215,989	688,7	
216,452	686,36	
216,915	684,02	
217,378	555,29	
217,841	669,98	
218,304	698,06	
218,767	576,36	
219,229	616,15	
219,692	627,85	
220,154	627,85	
220,617	716,79	
221,079	679,34	
221,542	695,72	
222,004	588,06	
222,467	658,28	
222,929	669,98	
223,391	660,62	
223,853	665,3	
224,315	634,87	
224,777	641,89	
225,239	655,94	
225,701	590,4	
226,163	667,64	
226,625	597,42	
227,087	777,64	
227,549	686,36	
228,011	677	
228,472	665,3	
228,934	770,62	
229,396	616,15	
229,857	646,57	
230,319	627,85	
230,78	569,34	
231,242	665,3	
231,703	662,96	
232,164	728,49	
232,626	677	
233,087	723,81	
233,548	737,85	
234,009	653,59	
234,47	719,13	
234,931	641,89	
235,392	726,15	
235,853	648,91	
236,314	677	
236,775	630,19	
237,235	716,79	
237,696	698,06	
238,157	646,57	
238,618	651,25	
239,078	641,89	
239,539	637,21	
239,999	632,53	
240,46	681,68	
240,92	679,34	
241,38	772,96	
241,841	770,62	
242,301	735,51	
242,761	737,85	
243,221	702,75	
243,681	688,7	
244,141	749,56	
244,601	665,3	
245,061	662,96	
245,521	719,13	
245,981	796,37	
246,441	779,98	
246,901	630,19	
247,36	723,81	
247,82	658,28	
248,28	709,77	
248,739	744,88	
249,199	660,62	
249,658	632,53	
250,117	698,06	
250,577	709,77	
251,036	693,38	
251,495	679,34	
251,955	721,47	
252,414	623,17	
252,873	691,04	
253,332	662,96	
253,791	754,24	
254,25	695,72	
254,709	754,24	
255,168	634,87	
255,627	705,09	
256,085	688,7	
256,544	749,56	
257,003	674,66	
257,461	719,13	
257,92	679,34	
258,379	646,57	
258,837	658,28	
259,295	789,35	
259,754	794,03	
260,212	754,24	
260,67	747,22	
261,129	730,83	
261,587	716,79	
262,045	751,9	
262,503	740,19	
262,961	634,87	
263,419	723,81	
263,877	660,62	
264,335	684,02	
264,793	681,68	
265,251	784,66	
265,708	726,15	
266,166	688,7	
266,624	658,28	
267,081	700,41	
267,539	728,49	
267,996	768,28	
268,454	623,17	
268,911	749,56	
269,369	742,53	
269,826	686,36	
270,283	686,36	
270,74	730,83	
271,198	761,26	
271,655	735,51	
272,112	684,02	
272,569	688,7	
273,026	719,13	
273,483	716,79	
273,94	609,12	
274,396	658,28	
274,853	693,38	
275,31	747,22	
275,767	646,57	
276,223	719,13	
276,68	684,02	
277,136	653,59	
277,593	653,59	
278,049	803,39	
278,506	765,94	
278,962	648,91	
279,418	747,22	
279,874	686,36	
280,331	700,41	
280,787	737,85	
281,243	763,6	
281,699	705,09	
282,155	707,43	
282,611	723,81	
283,067	737,85	
283,522	768,28	
283,978	721,47	
284,434	749,56	
284,89	665,3	
285,345	714,45	
285,801	662,96	
286,256	677	
286,712	742,53	
287,167	723,81	
287,623	698,06	
288,078	677	
288,533	688,7	
288,989	693,38	
289,444	763,6	
289,899	627,85	
290,354	712,11	
290,809	688,7	
291,264	705,09	
291,719	721,47	
292,174	616,15	
292,629	714,45	
293,084	702,75	
293,538	684,02	
293,993	709,77	
294,448	751,9	
294,902	679,34	
295,357	681,68	
295,811	705,09	
296,266	747,22	
296,72	716,79	
297,174	693,38	
297,629	761,26	
298,083	716,79	
298,537	733,17	
298,991	740,19	
299,446	779,98	
299,9	824,45	
300,354	772,96	
300,808	782,32	
301,261	756,58	
301,715	698,06	
302,169	644,23	
302,623	698,06	
303,077	716,79	
303,53	686,36	
303,984	693,38	
304,437	784,66	
304,891	684,02	
305,344	698,06	
305,798	707,43	
306,251	709,77	
306,704	719,13	
307,158	719,13	
307,611	693,38	
308,064	688,7	
308,517	672,32	
308,97	662,96	
309,423	705,09	
309,876	700,41	
310,329	693,38	
310,782	677	
311,235	686,36	
311,688	688,7	
312,14	709,77	
312,593	672,32	
313,046	726,15	
313,498	627,85	
313,951	730,83	
314,403	709,77	
314,856	719,13	
315,308	674,66	
315,76	700,41	
316,213	658,28	
316,665	775,3	
317,117	737,85	
317,569	705,09	
318,021	784,66	
318,473	716,79	
318,925	733,17	
319,377	667,64	
319,829	651,25	
320,281	705,09	
320,733	744,88	
321,184	712,11	
321,636	712,11	
322,088	637,21	
322,539	655,94	
322,991	735,51	
323,442	695,72	
323,894	686,36	
324,345	691,04	
324,796	733,17	
325,248	660,62	
325,699	763,6	
326,15	693,38	
326,601	714,45	
327,052	698,06	
327,503	660,62	
327,954	698,06	
328,405	709,77	
328,856	726,15	
329,307	665,3	
329,758	791,69	
330,208	744,88	
330,659	686,36	
331,11	749,56	
331,56	681,68	
332,011	758,92	
332,461	744,88	
332,912	702,75	
333,362	662,96	
333,813	625,51	
334,263	691,04	
334,713	726,15	
335,163	686,36	
335,613	709,77	
336,063	737,85	
336,513	695,72	
336,963	735,51	
337,413	674,66	
337,863	686,36	
338,313	719,13	
338,763	735,51	
339,213	684,02	
339,662	644,23	
340,112	726,15	
340,562	719,13	
341,011	665,3	
341,461	672,32	
341,91	709,77	
342,359	740,19	
342,809	714,45	
343,258	695,72	
343,707	756,58	
344,156	714,45	
344,606	737,85	
345,055	712,11	
345,504	632,53	
345,953	662,96	
346,402	698,06	
346,85	691,04	
347,299	761,26	
347,748	707,43	
348,197	681,68	
348,645	721,47	
349,094	625,51	
349,543	660,62	
349,991	679,34	
350,44	695,72	
350,888	686,36	
351,336	625,51	
351,785	726,15	
352,233	744,88	
352,681	665,3	
353,13	618,49	
353,578	667,64	
354,026	613,81	
354,474	646,57	
354,922	639,55	
355,37	592,74	
355,818	623,17	
356,265	674,66	
356,713	606,78	
357,161	702,75	
357,609	660,62	
358,056	613,81	
358,504	653,59	
358,951	606,78	
359,399	672,32	
359,846	665,3	
360,294	674,66	
360,741	639,55	
361,188	616,15	
361,635	714,45	
362,083	583,38	
362,53	658,28	
362,977	684,02	
363,424	602,1	
363,871	646,57	
364,318	651,25	
364,765	669,98	
365,211	630,19	
365,658	646,57	
366,105	709,77	
366,552	684,02	
366,998	646,57	
367,445	590,4	
367,891	634,87	
368,338	630,19	
368,784	625,51	
369,231	569,34	
369,677	583,38	
370,123	658,28	
370,569	637,21	
371,016	648,91	
371,462	681,68	
371,908	698,06	
372,354	627,85	
372,8	531,89	
373,246	726,15	
373,692	578,7	
374,137	581,04	
374,583	639,55	
375,029	681,68	
375,475	637,21	
375,92	709,77	
376,366	728,49	
376,811	669,98	
377,257	583,38	
377,702	677	
378,147	653,59	
378,593	667,64	
379,038	576,36	
379,483	707,43	
379,928	712,11	
380,374	677	
380,819	613,81	
381,264	749,56	
381,709	730,83	
382,153	653,59	
382,598	679,34	
383,043	641,89	
383,488	677	
383,933	686,36	
384,377	620,83	
384,822	632,53	
385,266	585,72	
385,711	693,38	
386,155	726,15	
386,6	552,95	
387,044	618,49	
387,488	646,57	
387,933	588,06	
388,377	641,89	
388,821	648,91	
389,265	625,51	
389,709	616,15	
390,153	695,72	
390,597	651,25	
391,041	660,62	
391,485	672,32	
391,929	700,41	
392,372	693,38	
392,816	609,12	
393,26	590,4	
393,703	667,64	
394,147	639,55	
394,59	611,46	
395,034	592,74	
395,477	700,41	
395,921	651,25	
396,364	749,56	
396,807	688,7	
397,25	702,75	
397,693	620,83	
398,137	665,3	
398,58	644,23	
399,023	679,34	
399,466	700,41	
399,908	641,89	
400,351	672,32	
400,794	672,32	
401,237	655,94	
401,679	653,59	
402,122	693,38	
402,565	630,19	
403,007	677	
403,45	681,68	
403,892	691,04	
404,334	719,13	
404,777	698,06	
405,219	758,92	
405,661	854,88	
406,103	897,01	
406,546	906,37	
406,988	889,99	
407,43	737,85	
407,872	665,3	
408,314	770,62	
408,755	751,9	
409,197	686,36	
409,639	700,41	
410,081	737,85	
410,522	810,41	
410,964	749,56	
411,406	782,32	
411,847	677	
412,289	691,04	
412,73	740,19	
413,171	751,9	
413,613	730,83	
414,054	758,92	
414,495	756,58	
414,936	826,79	
415,377	730,83	
415,818	794,03	
416,259	761,26	
416,7	728,49	
417,141	875,95	
417,582	864,24	
418,023	784,66	
418,464	796,37	
418,904	812,75	
419,345	777,64	
419,786	824,45	
420,226	770,62	
420,667	826,79	
421,107	868,92	
421,547	798,71	
421,988	808,07	
422,428	824,45	
422,868	875,95	
423,308	873,6	
423,749	829,13	
424,189	805,73	
424,629	775,3	
425,069	857,22	
425,509	801,05	
425,949	847,86	
426,388	920,42	
426,828	840,84	
427,268	885,31	
427,708	829,13	
428,147	852,54	
428,587	843,18	
429,026	882,97	
429,466	838,5	
429,905	871,26	
430,344	840,84	
430,784	854,88	
431,223	866,58	
431,662	791,69	
432,101	911,05	
432,541	761,26	
432,98	875,95	
433,419	880,63	
433,858	843,18	
434,296	852,54	
434,735	922,76	
435,174	918,08	
435,613	962,55	
436,052	995,31	
436,49	1327,67	
436,929	1737,26	
437,367	2062,6	
437,806	2062,6	
438,244	1901,1	
438,683	1482,14	
439,121	1208,3	
439,559	950,84	
439,998	889,99	
440,436	939,14	
440,874	889,99	
441,312	897,01	
441,75	875,95	
442,188	845,52	
442,626	885,31	
443,064	897,01	
443,502	765,94	
443,939	861,9	
444,377	927,44	
444,815	885,31	
445,253	845,52	
445,69	929,78	
446,128	939,14	
446,565	878,29	
447,002	922,76	
447,44	833,82	
447,877	918,08	
448,314	875,95	
448,752	878,29	
449,189	918,08	
449,626	906,37	
450,063	897,01	
450,5	908,71	
450,937	911,05	
451,374	967,23	
451,811	971,91	
452,248	925,1	
452,684	840,84	
453,121	1011,7	
453,558	992,97	
453,994	929,78	
454,431	925,1	
454,867	971,91	
455,304	906,37	
455,74	873,6	
456,176	852,54	
456,613	976,59	
457,049	915,73	
457,485	985,95	
457,921	941,48	
458,357	854,88	
458,793	960,2	
459,229	915,73	
459,665	978,93	
460,101	941,48	
460,537	918,08	
460,973	946,16	
461,408	882,97	
461,844	899,35	
462,28	899,35	
462,715	882,97	
463,151	967,23	
463,586	918,08	
464,022	929,78	
464,457	892,33	
464,892	983,61	
465,328	964,89	
465,763	939,14	
466,198	899,35	
466,633	964,89	
467,068	925,1	
467,503	985,95	
467,938	946,16	
468,373	957,86	
468,808	1009,36	
469,243	939,14	
469,677	1063,19	
470,112	911,05	
470,547	964,89	
470,981	995,31	
471,416	988,29	
471,85	969,57	
472,285	988,29	
472,719	999,99	
473,153	1035,1	
473,588	1016,38	
474,022	997,65	
474,456	988,29	
474,89	1074,89	
475,324	1053,83	
475,758	1072,55	
476,192	1072,55	
476,626	1049,15	
477,06	1102,98	
477,494	1063,19	
477,928	1002,33	
478,361	1021,06	
478,795	1093,62	
479,229	1070,21	
479,662	1039,78	
480,096	1084,25	
480,529	1145,11	
480,962	1163,83	
481,396	1105,32	
481,829	1135,74	
482,262	1149,79	
482,695	1184,9	
483,129	1147,45	
483,562	1280,86	
483,995	1184,9	
484,428	1224,69	
484,861	1315,97	
485,294	1297,24	
485,726	1308,94	
486,159	1404,91	
486,592	1430,65	
487,024	1568,74	
487,457	1475,12	
487,89	1491,51	
488,322	1524,27	
488,755	1552,36	
489,187	1596,83	
489,619	1578,11	
490,052	1662,37	
490,484	1627,26	
490,916	1538,32	
491,348	1568,74	
491,78	1545,34	
492,212	1517,25	
492,644	1500,87	
493,076	1493,85	
493,508	1465,76	
493,94	1552,36	
494,372	1374,48	
494,804	1409,59	
495,235	1372,14	
495,667	1367,46	
496,098	1458,74	
496,53	1440,01	
496,961	1442,36	
497,393	1442,36	
497,824	1486,83	
498,256	1299,58	
498,687	1444,7	
499,118	1337,03	
499,549	1308,94	
499,98	1346,39	
500,411	1341,71	
500,842	1297,24	
501,273	1322,99	
501,704	1262,13	
502,135	1238,73	
502,566	1264,47	
502,997	1301,92	
503,427	1255,11	
503,858	1262,13	
504,289	1287,88	
504,719	1262,13	
505,15	1191,92	
505,58	1262,13	
506,01	1140,43	
506,441	1241,07	
506,871	1285,54	
507,301	1194,26	
507,731	1145,11	
508,161	1280,86	
508,592	1231,71	
509,022	1269,16	
509,451	1301,92	
509,881	1339,37	
510,311	1234,05	
510,741	1273,84	
511,171	1292,56	
511,6	1229,37	
512,03	1187,24	
512,46	1248,09	
512,889	1308,94	
513,319	1145,11	
513,748	1273,84	
514,178	1322,99	
514,607	1208,3	
515,036	1280,86	
515,465	1166,17	
515,895	1201,28	
516,324	1245,75	
516,753	1196,6	
517,182	1210,64	
517,611	1264,47	
518,04	1194,26	
518,469	1220	
518,897	1182,56	
519,326	1189,58	
519,755	1131,06	
520,183	1138,09	
520,612	1147,45	
521,041	1189,58	
521,469	1238,73	
521,898	1280,86	
522,326	1198,94	
522,754	1245,75	
523,183	1149,79	
523,611	1114,68	
524,039	1215,32	
524,467	1248,09	
524,895	1117,02	
525,323	1271,5	
525,751	1304,26	
526,179	1177,87	
526,607	1175,53	
527,035	1241,07	
527,463	1224,69	
527,89	1203,62	
528,318	1074,89	
528,745	1152,13	
529,173	1114,68	
529,601	1276,18	
530,028	1236,39	
530,455	1210,64	
530,883	1285,54	
531,31	1271,5	
531,737	1269,16	
532,164	1271,5	
532,592	1222,34	
533,019	1194,26	
533,446	1276,18	
533,873	1339,37	
534,3	1187,24	
534,726	1381,5	
535,153	1287,88	
535,58	1348,73	
536,007	1252,77	
536,433	1341,71	
536,86	1269,16	
537,287	1269,16	
537,713	1280,86	
538,139	1322,99	
538,566	1376,82	
538,992	1442,36	
539,418	1503,21	
539,845	1496,19	
540,271	1606,19	
540,697	1744,28	
541,123	1809,82	
541,549	2032,17	
541,975	2366,87	
542,401	2757,74	
542,827	3202,44	
543,253	3670,55	
543,678	3752,46	
544,104	3785,23	
544,53	3661,18	
544,955	3551,18	
545,381	3443,51	
545,806	3298,4	
546,232	3511,39	
546,657	3808,64	
547,083	4269,72	
547,508	4571,65	
547,933	4775,28	
548,358	4609,1	
548,783	4066,1	
549,209	3513,73	
549,634	3118,18	
550,059	2764,76	
550,483	2762,42	
550,908	2472,19	
551,333	2341,12	
551,758	2296,65	
552,183	2158,56	
552,607	1950,25	
553,032	1767,69	
553,456	1748,97	
553,881	1681,09	
554,305	1835,57	
554,73	1657,68	
555,154	1561,72	
555,578	1561,72	
556,003	1465,76	
556,427	1514,91	
556,851	1411,93	
557,275	1435,33	
557,699	1327,67	
558,123	1344,05	
558,547	1318,31	
558,971	1243,41	
559,395	1212,98	
559,818	1280,86	
560,242	1297,24	
560,666	1262,13	
561,089	1271,5	
561,513	1264,47	
561,936	1196,6	
562,36	1170,85	
562,783	1224,69	
563,206	1163,83	
563,63	1126,38	
564,053	1220	
564,476	1299,58	
564,899	1154,47	
565,322	1217,66	
565,745	1306,6	
566,168	1194,26	
566,591	1220	
567,014	1269,16	
567,437	1196,6	
567,86	1236,39	
568,282	1222,34	
568,705	1212,98	
569,128	1269,16	
569,55	1271,5	
569,973	1215,32	
570,395	1091,27	
570,817	1273,84	
571,24	1147,45	
571,662	1135,74	
572,084	1229,37	
572,506	1217,66	
572,928	1252,77	
573,35	1180,22	
573,772	1133,4	
574,194	1212,98	
574,616	1149,79	
575,038	1215,32	
575,46	1248,09	
575,882	1159,15	
576,303	1222,34	
576,725	1234,05	
577,147	1168,51	
577,568	1278,52	
577,99	1346,39	
578,411	1404,91	
578,832	1608,53	
579,254	1505,55	
579,675	1521,93	
580,096	1388,52	
580,517	1524,27	
580,938	1613,21	
581,36	1514,91	
581,781	1610,87	
582,201	1554,7	
582,622	1599,17	
583,043	1493,85	
583,464	1514,91	
583,885	1585,13	
584,305	1669,39	
584,726	1622,58	
585,147	1681,09	
585,567	1720,88	
585,988	1667,05	
586,408	1634,28	
586,828	1606,19	
587,249	1606,19	
587,669	1641,3	
588,089	1739,6	
588,509	1727,9	
588,929	1873,01	
589,349	1910,46	
589,769	1821,52	
590,189	1763,01	
590,609	1554,7	
591,029	1641,3	
591,449	1524,27	
591,868	1484,48	
592,288	1479,8	
592,708	1444,7	
593,127	1489,17	
593,547	1557,04	
593,966	1620,24	
594,386	1809,82	
594,805	1770,03	
595,224	1861,31	
595,643	1812,16	
596,063	1692,79	
596,482	1535,98	
596,901	1585,13	
597,32	1589,81	
597,739	1503,21	
598,158	1514,91	
598,577	1519,59	
598,995	1606,19	
599,414	1496,19	
599,833	1578,11	
600,252	1706,84	
600,67	1723,22	
601,089	1779,39	
601,507	1777,05	
601,926	1723,22	
602,344	1798,12	
602,762	1805,14	
603,181	1730,24	
603,599	1711,52	
604,017	1692,79	
604,435	1688,11	
604,853	1613,21	
605,271	1631,94	
605,689	1809,82	
606,107	1725,56	
606,525	1915,14	
606,943	1807,48	
607,36	1826,2	
607,778	1863,65	
608,196	1933,87	
608,613	2027,49	
609,031	2043,87	
609,448	2118,77	
609,866	2306,01	
610,283	2416,02	
610,7	2490,92	
611,118	2739,01	
611,535	3385	
611,952	4461,65	
612,369	5741,92	
612,786	7061,98	
613,203	7513,7	
613,62	7415,4	
614,037	6853,67	
614,454	6291,95	
614,87	5444,67	
615,287	5023,37	
615,704	4496,75	
616,12	4398,45	
616,537	4211,21	
616,953	4035,67	
617,37	3801,62	
617,786	3623,73	
618,203	3640,12	
618,619	3363,93	
619,035	3373,3	
619,451	3406,06	
619,868	3359,25	
620,284	3392,02	
620,7	3427,13	
621,116	3548,84	
621,531	3700,97	
621,947	3738,42	
622,363	3796,93	
622,779	4033,33	
623,195	4126,95	
623,61	4363,34	
624,026	4578,67	
624,441	4822,09	
624,857	4913,37	
625,272	5044,44	
625,688	5250,41	
626,103	5559,36	
626,518	5461,05	
626,933	5816,82	
627,349	6210,03	
627,764	6476,85	
628,179	6898,14	
628,594	6951,98	
629,009	7200,07	
629,424	7448,17	
629,838	7633,07	
630,253	7979,47	
630,668	8206,5	
631,083	8199,48	
631,497	8585,67	
631,912	9269,11	
632,326	9980,63	
632,741	10233,41	
633,155	10432,35	
633,57	10900,46	
633,984	11246,86	
634,398	11677,52	
634,812	12520,11	
635,226	12925,02	
635,64	13042,05	
636,054	13379,09	
636,468	14231,04	
636,882	15682,17	
637,296	16384,34	
637,71	17294,8	
638,124	17968,88	
638,537	19106,38	
638,951	20019,19	
639,365	20885,19	
639,778	22343,34	
640,192	23733,62	
640,605	25032,61	
641,019	26383,1	
641,432	27911,47	
641,845	30142	
642,258	32728,3	
642,672	35424,59	
643,085	36866,36	
643,498	38446,22	
643,911	41385,94	
644,324	44529,28	
644,737	50928,3	
645,149	56554,95	
645,562	59047,62	
645,975	60906,01	
646,388	63375,27	
646,8	63375,27	
647,213	63375,27	
647,625	63375,27	
648,038	63375,27	
648,45	63375,27	
648,862	63375,27	
649,275	63375,27	
649,687	63375,27	
650,099	63375,27	
650,511	63375,27	
650,923	63375,27	
651,335	63375,27	
651,747	63375,27	
652,159	63375,27	
652,571	63375,27	
652,983	63375,27	
653,395	63375,27	
653,806	63375,27	
654,218	63375,27	
654,63	63375,27	
655,041	63375,27	
655,453	63375,27	
655,864	63375,27	
656,275	63375,27	
656,687	63375,27	
657,098	63375,27	
657,509	63375,27	
657,92	63375,27	
658,332	63375,27	
658,743	63375,27	
659,154	63375,27	
659,565	63375,27	
659,975	62762,05	
660,386	57865,65	
660,797	52187,51	
661,208	44981	
661,618	39733,52	
662,029	35017,34	
662,44	29868,16	
662,85	26022,66	
663,261	23335,73	
663,671	20917,95	
664,081	18916,79	
664,492	17783,98	
664,902	16440,51	
665,312	15265,56	
665,722	13791,02	
666,132	13004,6	
666,542	11890,51	
666,952	10652,36	
667,362	9713,81	
667,772	9070,16	
668,182	8545,88	
668,591	7956,07	
669,001	7670,52	
669,411	6994,11	
669,82	6509,61	
670,23	6083,64	
670,639	5844,9	
671,049	5313,6	
671,458	4908,69	
671,867	4765,92	
672,277	4543,56	
672,686	4321,21	
673,095	4096,52	
673,504	3834,38	
673,913	3630,76	
674,322	3403,72	
674,731	3249,25	
675,14	2898,17	
675,549	2921,57	
675,957	2633,69	
676,366	2659,43	
676,775	2343,46	
677,183	2495,6	
677,592	2348,14	
678	2341,12	
678,409	2259,2	
678,817	2041,53	
679,226	1891,74	
679,634	1964,29	
680,042	1819,18	
680,45	1835,57	
680,858	1786,41	
681,266	1809,82	
681,674	1706,84	
682,082	1648,32	
682,49	1557,04	
682,898	1617,9	
683,306	1559,38	
683,714	1526,61	
684,121	1365,12	
684,529	1283,2	
684,936	1346,39	
685,344	1358,1	
685,751	1205,96	
686,159	1182,56	
686,566	1238,73	
686,973	1140,43	
687,381	1191,92	
687,788	1173,19	
688,195	1147,45	
688,602	1067,87	
689,009	1121,7	
689,416	1091,27	
689,823	1053,83	
690,23	1007,02	
690,636	943,82	
691,043	1051,49	
691,45	932,12	
691,857	908,71	
692,263	889,99	
692,67	822,11	
693,076	904,03	
693,483	824,45	
693,889	854,88	
694,295	864,24	
694,701	854,88	
695,108	871,26	
695,514	859,56	
695,92	763,6	
696,326	791,69	
696,732	810,41	
697,138	765,94	
697,544	831,48	
697,949	777,64	
698,355	810,41	
698,761	777,64	
699,167	784,66	
699,572	728,49	
699,978	686,36	
700,383	772,96	
700,789	695,72	
701,194	709,77	
701,599	691,04	
702,004	665,3	
702,41	641,89	
702,815	674,66	
703,22	667,64	
703,625	700,41	
704,03	597,42	
704,435	721,47	
704,84	620,83	
705,245	609,12	
705,649	578,7	
706,054	681,68	
706,459	719,13	
706,863	646,57	
707,268	728,49	
707,672	677	
708,077	705,09	
708,481	803,39	
708,885	737,85	
709,29	719,13	
709,694	749,56	
710,098	777,64	
710,502	634,87	
710,906	728,49	
711,31	728,49	
711,714	677	
712,118	700,41	
712,522	616,15	
712,926	667,64	
713,329	719,13	
713,733	665,3	
714,137	714,45	
714,54	639,55	
714,944	571,68	
715,347	648,91	
715,75	574,02	
716,154	538,91	
716,557	543,59	
716,96	569,34	
717,363	501,46	
717,767	524,87	
718,17	562,31	
718,573	583,38	
718,976	517,84	
719,378	538,91	
719,781	452,31	
720,184	452,31	
720,587	478,05	
720,989	482,74	
721,392	407,84	
721,795	492,1	
722,197	398,48	
722,6	461,67	
723,002	464,01	
723,404	496,78	
723,807	482,74	
724,209	454,65	
724,611	435,92	
725,013	459,33	
725,415	485,08	
725,817	449,97	
726,219	454,65	
726,621	473,37	
727,023	536,57	
727,425	452,31	
727,826	447,63	
728,228	515,5	
728,63	492,1	
729,031	389,11	
729,433	562,31	
729,834	471,03	
730,236	424,22	
730,637	412,52	
731,038	417,2	
731,44	414,86	
731,841	435,92	
732,242	412,52	
732,643	433,58	
733,044	398,48	
733,445	403,16	
733,846	337,62	
734,247	456,99	
734,647	356,35	
735,048	459,33	
735,449	382,09	
735,849	410,18	
736,25	480,39	
736,65	391,45	
737,051	344,64	
737,451	414,86	
737,852	400,82	
738,252	417,2	
738,652	452,31	
739,052	396,14	
739,453	473,37	
739,853	396,14	
740,253	361,03	
740,653	365,71	
741,052	421,88	
741,452	435,92	
741,852	389,11	
742,252	398,48	
742,651	372,73	
743,051	447,63	
743,451	351,67	
743,85	361,03	
744,25	426,56	
744,649	414,86	
745,048	428,9	
745,448	398,48	
745,847	445,29	
746,246	370,39	
746,645	426,56	
747,044	391,45	
747,443	454,65	
747,842	403,16	
748,241	426,56	
748,64	389,11	
749,039	452,31	
749,438	421,88	
749,836	419,54	
750,235	426,56	
750,633	393,8	
751,032	393,8	
751,43	410,18	
751,829	456,99	
752,227	342,3	
752,625	475,71	
753,024	475,71	
753,422	424,22	
753,82	382,09	
754,218	351,67	
754,616	358,69	
755,014	400,82	
755,412	323,58	
755,81	428,9	
756,208	426,56	
756,605	328,26	
757,003	410,18	
757,401	379,75	
757,798	382,09	
758,196	412,52	
758,593	410,18	
758,99	349,32	
759,388	370,39	
759,785	405,5	
760,182	344,64	
760,58	396,14	
760,977	262,73	
761,374	389,11	
761,771	351,67	
762,168	424,22	
762,565	379,75	
762,961	325,92	
763,358	304,85	
763,755	332,94	
764,152	351,67	
764,548	300,17	
764,945	344,64	
765,341	384,43	
765,738	361,03	
766,134	332,94	
766,53	368,05	
766,927	321,24	
767,323	363,37	
767,719	412,52	
768,115	356,35	
768,511	365,71	
768,907	346,98	
769,303	386,77	
769,699	363,37	
770,095	316,56	
770,491	358,69	
770,886	344,64	
771,282	323,58	
771,678	307,2	
772,073	396,14	
772,469	332,94	
772,864	344,64	
773,26	281,45	
773,655	410,18	
774,05	393,8	
774,445	328,26	
774,841	372,73	
775,236	316,56	
775,631	302,51	
776,026	354,01	
776,421	354,01	
776,816	307,2	
777,21	349,32	
777,605	351,67	
778	354,01	
778,395	265,07	
778,789	368,05	
779,184	370,39	
779,578	342,3	
779,973	400,82	
780,367	309,54	
780,761	346,98	
781,156	286,13	
781,55	286,13	
781,944	344,64	
782,338	335,28	
782,732	339,96	
783,126	304,85	
783,52	407,84	
783,914	349,32	
784,308	335,28	
784,701	389,11	
785,095	389,11	
785,489	412,52	
785,882	262,73	
786,276	288,47	
786,669	361,03	
787,063	379,75	
787,456	339,96	
787,85	372,73	
788,243	274,43	
788,636	328,26	
789,029	346,98	
789,422	272,09	
789,815	382,09	
790,208	328,26	
790,601	349,32	
790,994	344,64	
791,387	339,96	
791,78	325,92	
792,172	307,2	
792,565	323,58	
792,957	316,56	
793,35	417,2	
793,742	405,5	
794,135	349,32	
794,527	318,9	
794,919	335,28	
795,312	290,81	
795,704	356,35	
796,096	375,07	
796,488	297,83	
796,88	293,15	
797,272	382,09	
797,664	321,24	
798,056	307,2	
798,448	339,96	
798,839	398,48	
799,231	335,28	
799,623	323,58	
800,014	363,37	
800,406	346,98	
800,797	379,75	
801,189	311,88	
801,58	370,39	
801,971	410,18	
802,362	349,32	
802,754	375,07	
803,145	356,35	
803,536	328,26	
803,927	354,01	
804,318	398,48	
804,709	386,77	
805,099	349,32	
805,49	325,92	
805,881	349,32	
806,272	375,07	
806,662	337,62	
807,053	412,52	
807,443	405,5	
807,834	529,55	
808,224	349,32	
808,614	438,27	
809,005	368,05	
809,395	464,01	
809,785	478,05	
810,175	506,14	
810,565	438,27	
810,955	538,91	
811,345	478,05	
811,735	583,38	
812,125	569,34	
812,515	574,02	
812,904	552,95	
813,294	550,61	
813,684	609,12	
814,073	700,41	
814,463	641,89	
814,852	737,85	
815,241	817,43	
815,631	840,84	
816,02	943,82	
816,409	974,25	
816,798	981,27	
817,187	1002,33	
817,576	1107,66	
817,965	1060,85	
818,354	1098,3	
818,743	1018,72	
819,132	1074,89	
819,521	1077,23	
819,909	1119,36	
820,298	1236,39	
820,686	1337,03	
821,075	1318,31	
821,463	1430,65	
821,852	1400,23	
822,24	1365,12	
822,628	1566,4	
823,017	1524,27	
823,405	1472,78	
823,793	1545,34	
824,181	1552,36	
824,569	1587,47	
824,957	1674,07	
825,345	1662,37	
825,733	1669,39	
826,12	1748,97	
826,508	1770,03	
826,896	1683,43	
827,283	1695,13	
827,671	1620,24	
828,059	1636,62	
828,446	1608,53	
828,833	1678,75	
829,221	1706,84	
829,608	1711,52	
829,995	1688,11	
830,382	1636,62	
830,769	1634,28	
831,156	1582,79	
831,543	1449,38	
831,93	1498,53	
832,317	1430,65	
832,704	1465,76	
833,091	1341,71	
833,477	1416,61	
833,864	1430,65	
834,251	1332,35	
834,637	1287,88	
835,024	1386,18	
835,41	1498,53	
835,796	1407,25	
836,183	1334,69	
836,569	1344,05	
836,955	1191,92	
837,341	1196,6	
837,727	1095,96	
838,113	1053,83	
838,499	941,48	
838,885	880,63	
839,271	831,48	
839,657	840,84	
840,043	763,6	
840,428	796,37	
840,814	723,81	
841,199	588,06	
841,585	634,87	
841,97	534,23	
842,356	503,8	
842,741	473,37	
843,126	424,22	
843,512	386,77	
843,897	344,64	
844,282	302,51	
844,667	300,17	
845,052	290,81	
845,437	370,39	
845,822	325,92	
846,206	290,81	
846,591	293,15	
846,976	288,47	
847,361	370,39	
847,745	279,11	
848,13	316,56	
848,514	375,07	
848,899	349,32	
849,283	309,54	
849,667	363,37	
850,051	283,79	
850,436	335,28	
850,82	276,77	
851,204	344,64	
851,588	344,64	
851,972	337,62	
852,356	288,47	
852,74	295,49	
853,123	335,28	
853,507	302,51	
853,891	255,7	
854,274	311,88	
854,658	239,32	
855,041	302,51	
855,425	276,77	
855,808	234,64	
856,192	300,17	
856,575	314,22	
856,958	300,17	
857,341	328,26	
857,724	339,96	
858,107	265,07	
858,49	332,94	
858,873	321,24	
859,256	335,28	
859,639	356,35	
860,022	323,58	
860,404	309,54	
860,787	267,41	
861,17	316,56	
861,552	218,25	
861,935	244	
862,317	246,34	
862,699	281,45	
863,082	302,51	
863,464	286,13	
863,846	246,34	
864,228	272,09	
864,61	279,11	
864,992	286,13	
865,374	201,87	
865,756	332,94	
866,138	302,51	
866,52	241,66	
866,902	318,9	
867,283	407,84	
867,665	281,45	
868,046	281,45	
868,428	358,69	
868,809	246,34	
869,191	337,62	
869,572	325,92	
869,953	288,47	
870,335	290,81	
870,716	318,9	
871,097	382,09	
871,478	241,66	
871,859	246,34	
872,24	222,94	
872,621	344,64	
873,001	241,66	
873,382	265,07	
873,763	262,73	
874,143	288,47	
874,524	246,34	
874,905	316,56	
875,285	234,64	
875,665	321,24	
876,046	246,34	
876,426	295,49	
876,806	255,7	
877,186	251,02	
877,567	276,77	
877,947	300,17	
878,327	253,36	
878,707	332,94	
879,086	218,25	
879,466	258,04	
879,846	293,15	
880,226	307,2	
880,605	557,63	
880,985	258,04	
881,365	309,54	
881,744	272,09	
882,124	302,51	
882,503	248,68	
882,882	258,04	
883,261	236,98	
883,641	293,15	
884,02	276,77	
884,399	309,54	
884,778	290,81	
885,157	314,22	
885,536	309,54	
885,915	229,96	
886,293	251,02	
886,672	283,79	
887,051	248,68	
887,429	260,38	
887,808	300,17	
888,186	218,25	
888,565	225,28	
888,943	314,22	
889,322	283,79	
889,7	302,51	
890,078	244	
890,456	236,98	
890,834	244	
891,212	328,26	
891,59	239,32	
891,968	293,15	
892,346	267,41	
892,724	260,38	
893,102	213,57	
893,479	314,22	
893,857	201,87	
894,235	337,62	
894,612	325,92	
894,99	279,11	
895,367	286,13	
895,744	304,85	
896,122	213,57	
896,499	302,51	
896,876	321,24	
897,253	272,09	
897,63	286,13	
898,007	279,11	
898,384	290,81	
898,761	286,13	
899,138	222,94	
899,515	295,49	
899,891	227,62	
900,268	222,94	
900,645	272,09	
901,021	307,2	
901,398	262,73	
901,774	239,32	
902,15	279,11	
902,527	283,79	
902,903	222,94	
903,279	269,75	
903,655	337,62	
904,031	222,94	
904,407	267,41	
904,783	255,7	
905,159	246,34	
905,535	274,43	
905,911	302,51	
906,287	234,64	
906,662	248,68	
907,038	258,04	
907,413	267,41	
907,789	253,36	
908,164	265,07	
908,54	220,6	
908,915	244	
909,29	290,81	
909,666	293,15	
910,041	272,09	
910,416	276,77	
910,791	251,02	
911,166	269,75	
911,541	239,32	
911,916	222,94	
912,29	211,23	
912,665	251,02	
913,04	279,11	
913,414	272,09	
913,789	311,88	
914,163	295,49	
914,538	288,47	
914,912	274,43	
915,287	321,24	
915,661	300,17	
916,035	225,28	
916,409	311,88	
916,783	304,85	
917,157	314,22	
917,531	222,94	
917,905	208,89	
918,279	314,22	
918,653	206,55	
919,027	290,81	
919,4	265,07	
919,774	342,3	
920,148	229,96	
920,521	251,02	
920,895	297,83	
921,268	229,96	
921,641	290,81	
922,015	244	
922,388	269,75	
922,761	218,25	
923,134	267,41	
923,507	236,98	
923,88	218,25	
924,253	166,76	
924,626	276,77	
924,999	309,54	
925,372	197,19	
925,744	215,91	
926,117	339,96	
926,489	192,51	
926,862	302,51	
927,234	269,75	
927,607	311,88	
927,979	290,81	
928,352	318,9	
928,724	244	
929,096	288,47	
929,468	220,6	
929,84	274,43	
930,212	283,79	
930,584	241,66	
930,956	279,11	
931,328	309,54	
931,7	225,28	
932,071	201,87	
932,443	241,66	
932,814	236,98	
933,186	232,3	
933,557	283,79	
933,929	272,09	
934,3	269,75	
934,672	187,83	
935,043	363,37	
935,414	290,81	
935,785	227,62	
936,156	232,3	
936,527	283,79	
936,898	260,38	
937,269	218,25	
937,64	244	
938,011	260,38	
938,381	225,28	
938,752	251,02	
939,123	178,47	
939,493	269,75	
939,864	236,98	
940,234	176,13	
940,604	283,79	
940,975	251,02	
941,345	260,38	
941,715	253,36	
942,085	232,3	
942,455	248,68	
942,825	269,75	
943,195	283,79	
943,565	246,34	
943,935	222,94	
944,305	323,58	
944,675	279,11	
945,044	215,91	
945,414	290,81	
945,783	213,57	
946,153	248,68	
946,522	307,2	
946,892	283,79	
947,261	293,15	
947,63	199,53	
947,999	244	
948,369	283,79	
948,738	215,91	
949,107	262,73	
949,476	258,04	
949,844	269,75	
950,213	248,68	
950,582	232,3	
950,951	283,79	
951,319	244	
951,688	246,34	
952,057	229,96	
952,425	302,51	
952,794	244	
953,162	218,25	
953,53	281,45	
953,898	267,41	
954,267	300,17	
954,635	255,7	
955,003	281,45	
955,371	246,34	
955,739	253,36	
956,107	316,56	
956,475	286,13	
956,842	260,38	
957,21	295,49	
957,578	349,32	
957,945	293,15	
958,313	253,36	
958,68	194,85	
959,048	225,28	
959,415	234,64	
959,783	300,17	
960,15	255,7	
960,517	288,47	
960,884	269,75	
961,251	283,79	
961,618	222,94	
961,985	328,26	
962,352	204,21	
962,719	129,31	
963,086	150,38	
963,452	260,38	
963,819	297,83	
964,186	339,96	
964,552	236,98	
964,919	293,15	
965,285	279,11	
965,652	321,24	
966,018	253,36	
966,384	206,55	
966,75	262,73	
967,116	269,75	
967,482	183,15	
967,848	218,25	
968,214	232,3	
968,58	293,15	
968,946	236,98	
969,312	276,77	
969,678	220,6	
970,043	311,88	
970,409	253,36	
970,774	248,68	
971,14	229,96	
971,505	229,96	
971,871	220,6	
972,236	269,75	
972,601	272,09	
972,967	215,91	
973,332	300,17	
973,697	258,04	
974,062	232,3	
974,427	171,44	
974,792	241,66	
975,156	255,7	
975,521	225,28	
975,886	260,38	
976,251	201,87	
976,615	208,89	
976,98	239,32	
977,344	269,75	
977,709	227,62	
978,073	295,49	
978,437	281,45	
978,802	286,13	
979,166	265,07	
979,53	309,54	
979,894	295,49	
980,258	260,38	
980,622	253,36	
980,986	272,09	
981,35	208,89	
981,713	178,47	
982,077	236,98	
982,441	213,57	
982,804	232,3	
983,168	215,91	
983,531	204,21	
983,895	286,13	
984,258	199,53	
984,621	279,11	
984,985	269,75	
985,348	288,47	
985,711	211,23	
986,074	304,85	
986,437	274,43	
986,8	283,79	
987,163	302,51	
987,526	173,78	
987,888	258,04	
988,251	262,73	
988,614	276,77	
988,976	309,54	
989,339	262,73	
989,701	248,68	
990,064	241,66	
990,426	272,09	
990,788	274,43	
991,151	307,2	
991,513	248,68	
991,875	232,3	
992,237	325,92	
992,599	211,23	
992,961	241,66	
993,323	225,28	
993,685	251,02	
994,046	288,47	
994,408	328,26	
994,77	283,79	
995,131	265,07	
995,493	199,53	
995,854	321,24	
996,216	260,38	
996,577	258,04	
996,938	272,09	
997,299	304,85	
997,661	267,41	
998,022	180,81	
998,383	267,41	
998,744	227,62	
999,105	220,6	
999,465	244	
999,826	234,64	
1000,187	286,13	
1000,548	248,68	
1000,908	258,04	
1001,269	255,7	
1001,629	251,02	
1001,99	239,32	
1002,35	267,41	
1002,711	215,91	
1003,071	281,45	
1003,431	241,66	
1003,791	248,68	
1004,151	244	
1004,511	246,34	
1004,871	241,66	
1005,231	269,75	
1005,591	229,96	
1005,951	269,75	
1006,311	239,32	
1006,67	265,07	
1007,03	302,51	
1007,389	159,74	
1007,749	185,49	
1008,108	183,15	
1008,468	244	
1008,827	253,36	
1009,186	208,89	
1009,545	260,38	
1009,905	229,96	
1010,264	265,07	
1010,623	218,25	
1010,982	206,55	
1011,341	251,02	
1011,699	215,91	
1012,058	286,13	
1012,417	215,91	
1012,776	279,11	
1013,134	208,89	
1013,493	255,7	
1013,851	248,68	
1014,21	251,02	
1014,568	283,79	
1014,926	272,09	
1015,284	318,9	
1015,643	262,73	
1016,001	190,17	
1016,359	248,68	
1016,717	255,7	
1017,075	274,43	
1017,433	236,98	
1017,79	328,26	
1018,148	248,68	
1018,506	244	
1018,864	206,55	
1019,221	253,36	
1019,579	260,38	
1019,936	309,54	
1020,294	190,17	
1020,651	236,98	
1021,008	265,07	
1021,365	297,83	
1021,723	251,02	
1022,08	234,64	
1022,437	239,32	
1022,794	244	
1023,151	265,07	
1023,507	232,3	
1023,864	213,57	
1024,221	272,09	
1024,578	241,66	
1024,934	239,32	
1025,291	274,43	
1025,647	213,57	
1026,004	208,89	
1026,36	279,11	
1026,717	267,41	
1027,073	290,81	
1027,429	265,07	
1027,785	229,96	
1028,141	251,02	
1028,497	234,64	
1028,853	260,38	
1029,209	281,45	
1029,565	290,81	
1029,921	232,3	
1030,277	316,56	
1030,632	227,62	
1030,988	166,76	
1031,343	279,11	
1031,699	236,98	
1032,054	236,98	
1032,41	236,98	
