FLMS05996_1:101		
187,658	-61,73	
188,124	-61,73	
188,589	-61,73	
189,055	-96,84	
189,521	-40,67	
189,987	-89,82	
190,452	-129,61	
190,918	-103,86	
191,384	-87,48	
191,849	-73,43	
192,314	17,85	
192,78	-85,14	
193,245	-17,26	
193,711	1,46	
194,176	17,85	
194,641	85,72	
195,106	62,32	
195,571	50,61	
196,037	92,74	
196,502	127,85	
196,967	130,19	
197,431	99,77	
197,896	186,37	
198,361	141,89	
198,826	202,75	
199,291	221,47	
199,755	226,15	
200,22	272,96	
200,685	214,45	
201,149	226,15	
201,614	202,75	
202,078	256,58	
202,543	312,75	
203,007	272,96	
203,471	312,75	
203,936	352,54	
204,4	275,31	
204,864	340,84	
205,328	326,8	
205,792	317,44	
206,256	343,18	
206,72	340,84	
207,184	289,35	
207,648	319,78	
208,112	338,5	
208,576	287,01	
209,039	275,31	
209,503	235,52	
209,967	331,48	
210,43	289,35	
210,894	319,78	
211,357	265,94	
211,821	326,8	
212,284	326,8	
212,747	263,6	
213,211	317,44	
213,674	322,12	
214,137	305,73	
214,6	263,6	
215,063	303,39	
215,526	263,6	
215,989	279,99	
216,452	296,37	
216,915	251,9	
217,378	219,13	
217,841	270,62	
218,304	272,96	
218,767	272,96	
219,229	263,6	
219,692	275,31	
220,154	343,18	
220,617	242,54	
221,079	247,22	
221,542	284,67	
222,004	275,31	
222,467	343,18	
222,929	198,07	
223,391	265,94	
223,853	279,99	
224,315	279,99	
224,777	277,65	
225,239	284,67	
225,701	270,62	
226,163	258,92	
226,625	249,56	
227,087	249,56	
227,549	279,99	
228,011	272,96	
228,472	305,73	
228,934	310,41	
229,396	305,73	
229,857	272,96	
230,319	289,35	
230,78	258,92	
231,242	303,39	
231,703	296,37	
232,164	261,26	
232,626	287,01	
233,087	291,69	
233,548	284,67	
234,009	366,59	
234,47	361,91	
234,931	202,75	
235,392	195,73	
235,853	331,48	
236,314	303,39	
236,775	277,65	
237,235	329,14	
237,696	310,41	
238,157	270,62	
238,618	256,58	
239,078	202,75	
239,539	289,35	
239,999	251,9	
240,46	277,65	
240,92	294,03	
241,38	263,6	
241,841	272,96	
242,301	301,05	
242,761	315,09	
243,221	298,71	
243,681	289,35	
244,141	308,07	
244,601	251,9	
245,061	240,2	
245,521	287,01	
245,981	287,01	
246,441	287,01	
246,901	329,14	
247,36	310,41	
247,82	291,69	
248,28	272,96	
248,739	263,6	
249,199	279,99	
249,658	312,75	
250,117	251,9	
250,577	237,86	
251,036	298,71	
251,495	249,56	
251,955	289,35	
252,414	282,33	
252,873	308,07	
253,332	249,56	
253,791	240,2	
254,25	301,05	
254,709	256,58	
255,168	244,88	
255,627	301,05	
256,085	291,69	
256,544	247,22	
257,003	270,62	
257,461	261,26	
257,92	279,99	
258,379	284,67	
258,837	237,86	
259,295	315,09	
259,754	254,24	
260,212	333,82	
260,67	364,25	
261,129	317,44	
261,587	375,95	
262,045	317,44	
262,503	277,65	
262,961	291,69	
263,419	282,33	
263,877	289,35	
264,335	315,09	
264,793	277,65	
265,251	223,81	
265,708	284,67	
266,166	329,14	
266,624	301,05	
267,081	324,46	
267,539	277,65	
267,996	326,8	
268,454	279,99	
268,911	317,44	
269,369	291,69	
269,826	310,41	
270,283	343,18	
270,74	366,59	
271,198	305,73	
271,655	289,35	
272,112	303,39	
272,569	254,24	
273,026	378,29	
273,483	268,28	
273,94	301,05	
274,396	270,62	
274,853	308,07	
275,31	284,67	
275,767	296,37	
276,223	279,99	
276,68	305,73	
277,136	361,91	
277,593	317,44	
278,049	249,56	
278,506	310,41	
278,962	282,33	
279,418	287,01	
279,874	296,37	
280,331	347,86	
280,787	265,94	
281,243	298,71	
281,699	282,33	
282,155	338,5	
282,611	251,9	
283,067	251,9	
283,522	268,28	
283,978	247,22	
284,434	261,26	
284,89	301,05	
285,345	282,33	
285,801	319,78	
286,256	322,12	
286,712	315,09	
287,167	275,31	
287,623	265,94	
288,078	303,39	
288,533	251,9	
288,989	305,73	
289,444	350,2	
289,899	354,88	
290,354	284,67	
290,809	258,92	
291,264	319,78	
291,719	368,93	
292,174	347,86	
292,629	294,03	
293,084	324,46	
293,538	354,88	
293,993	336,16	
294,448	275,31	
294,902	289,35	
295,357	329,14	
295,811	277,65	
296,266	282,33	
296,72	289,35	
297,174	329,14	
297,629	294,03	
298,083	277,65	
298,537	270,62	
298,991	324,46	
299,446	350,2	
299,9	350,2	
300,354	287,01	
300,808	230,84	
301,261	296,37	
301,715	284,67	
302,169	392,33	
302,623	366,59	
303,077	296,37	
303,53	305,73	
303,984	336,16	
304,437	305,73	
304,891	368,93	
305,344	249,56	
305,798	287,01	
306,251	315,09	
306,704	315,09	
307,158	317,44	
307,611	310,41	
308,064	310,41	
308,517	277,65	
308,97	361,91	
309,423	361,91	
309,876	261,26	
310,329	322,12	
310,782	305,73	
311,235	352,54	
311,688	277,65	
312,14	272,96	
312,593	317,44	
313,046	315,09	
313,498	329,14	
313,951	277,65	
314,403	340,84	
314,856	333,82	
315,308	338,5	
315,76	312,75	
316,213	277,65	
316,665	209,77	
317,117	375,95	
317,569	308,07	
318,021	261,26	
318,473	291,69	
318,925	336,16	
319,377	336,16	
319,829	301,05	
320,281	333,82	
320,733	359,56	
321,184	338,5	
321,636	287,01	
322,088	308,07	
322,539	310,41	
322,991	359,56	
323,442	368,93	
323,894	310,41	
324,345	324,46	
324,796	326,8	
325,248	401,69	
325,699	378,29	
326,15	265,94	
326,601	282,33	
327,052	291,69	
327,503	347,86	
327,954	364,25	
328,405	331,48	
328,856	350,2	
329,307	350,2	
329,758	350,2	
330,208	357,22	
330,659	373,61	
331,11	322,12	
331,56	312,75	
332,011	326,8	
332,461	256,58	
332,912	315,09	
333,362	298,71	
333,813	284,67	
334,263	296,37	
334,713	336,16	
335,163	305,73	
335,613	343,18	
336,063	326,8	
336,513	305,73	
336,963	235,52	
337,413	310,41	
337,863	371,27	
338,313	319,78	
338,763	282,33	
339,213	345,52	
339,662	322,12	
340,112	319,78	
340,562	298,71	
341,011	340,84	
341,461	235,52	
341,91	275,31	
342,359	368,93	
342,809	315,09	
343,258	284,67	
343,707	303,39	
344,156	368,93	
344,606	275,31	
345,055	352,54	
345,504	322,12	
345,953	322,12	
346,402	294,03	
346,85	289,35	
347,299	305,73	
347,748	331,48	
348,197	340,84	
348,645	331,48	
349,094	310,41	
349,543	272,96	
349,991	275,31	
350,44	303,39	
350,888	350,2	
351,336	256,58	
351,785	345,52	
352,233	265,94	
352,681	308,07	
353,13	331,48	
353,578	368,93	
354,026	399,35	
354,474	284,67	
354,922	277,65	
355,37	397,01	
355,818	350,2	
356,265	333,82	
356,713	289,35	
357,161	296,37	
357,609	284,67	
358,056	308,07	
358,504	287,01	
358,951	329,14	
359,399	310,41	
359,846	312,75	
360,294	338,5	
360,741	338,5	
361,188	331,48	
361,635	364,25	
362,083	312,75	
362,53	345,52	
362,977	298,71	
363,424	368,93	
363,871	301,05	
364,318	322,12	
364,765	296,37	
365,211	287,01	
365,658	350,2	
366,105	368,93	
366,552	364,25	
366,998	315,09	
367,445	305,73	
367,891	312,75	
368,338	284,67	
368,784	329,14	
369,231	315,09	
369,677	324,46	
370,123	322,12	
370,569	265,94	
371,016	350,2	
371,462	305,73	
371,908	272,96	
372,354	279,99	
372,8	247,22	
373,246	340,84	
373,692	343,18	
374,137	279,99	
374,583	343,18	
375,029	308,07	
375,475	265,94	
375,92	305,73	
376,366	301,05	
376,811	343,18	
377,257	324,46	
377,702	298,71	
378,147	268,28	
378,593	298,71	
379,038	343,18	
379,483	287,01	
379,928	310,41	
380,374	343,18	
380,819	305,73	
381,264	315,09	
381,709	310,41	
382,153	298,71	
382,598	371,27	
383,043	338,5	
383,488	301,05	
383,933	251,9	
384,377	343,18	
384,822	329,14	
385,266	336,16	
385,711	275,31	
386,155	380,63	
386,6	352,54	
387,044	256,58	
387,488	258,92	
387,933	331,48	
388,377	338,5	
388,821	272,96	
389,265	256,58	
389,709	305,73	
390,153	331,48	
390,597	275,31	
391,041	326,8	
391,485	317,44	
391,929	338,5	
392,372	340,84	
392,816	331,48	
393,26	352,54	
393,703	347,86	
394,147	336,16	
394,59	294,03	
395,034	359,56	
395,477	333,82	
395,921	289,35	
396,364	338,5	
396,807	331,48	
397,25	284,67	
397,693	258,92	
398,137	329,14	
398,58	345,52	
399,023	256,58	
399,466	354,88	
399,908	329,14	
400,351	322,12	
400,794	310,41	
401,237	345,52	
401,679	310,41	
402,122	354,88	
402,565	336,16	
403,007	317,44	
403,45	282,33	
403,892	420,42	
404,334	287,01	
404,777	357,22	
405,219	413,4	
405,661	485,95	
406,103	535,1	
406,546	483,61	
406,988	467,23	
407,43	467,23	
407,872	450,85	
408,314	326,8	
408,755	343,18	
409,197	389,99	
409,639	389,99	
410,081	415,74	
410,522	361,91	
410,964	380,63	
411,406	338,5	
411,847	380,63	
412,289	406,38	
412,73	389,99	
413,171	380,63	
413,613	397,01	
414,054	432,12	
414,495	406,38	
414,936	427,44	
415,377	413,4	
415,818	434,46	
416,259	420,42	
416,7	471,91	
417,141	474,25	
417,582	457,87	
418,023	425,1	
418,464	450,85	
418,904	467,23	
419,345	469,57	
419,786	418,08	
420,226	462,55	
420,667	434,46	
421,107	516,38	
421,547	453,19	
421,988	502,34	
422,428	551,49	
422,868	546,81	
423,308	509,36	
423,749	467,23	
424,189	511,7	
424,629	436,8	
425,069	537,45	
425,509	471,91	
425,949	535,1	
426,388	525,74	
426,828	539,79	
427,268	518,72	
427,708	500	
428,147	551,49	
428,587	537,45	
429,026	497,66	
429,466	551,49	
429,905	476,59	
430,344	488,29	
430,784	420,42	
431,223	537,45	
431,662	511,7	
432,101	464,89	
432,541	462,55	
432,98	464,89	
433,419	509,36	
433,858	530,42	
434,296	549,15	
434,735	532,76	
435,174	521,06	
435,613	560,85	
436,052	675,54	
436,49	951,72	
436,929	1330,89	
437,367	1630,48	
437,806	1770,91	
438,244	1567,28	
438,683	1153,01	
439,121	818,31	
439,559	720,01	
439,998	565,53	
440,436	528,08	
440,874	570,21	
441,312	504,68	
441,75	600,64	
442,188	528,08	
442,626	602,98	
443,064	464,89	
443,502	511,7	
443,939	593,62	
444,377	560,85	
444,815	640,43	
445,253	544,47	
445,69	567,87	
446,128	574,89	
446,565	605,32	
447,002	584,26	
447,44	617,02	
447,877	544,47	
448,314	565,53	
448,752	525,74	
449,189	645,11	
449,626	647,45	
450,063	565,53	
450,5	668,52	
450,937	654,47	
451,374	610	
451,811	635,75	
452,248	701,28	
452,684	626,39	
453,121	633,41	
453,558	640,43	
453,994	722,35	
454,431	567,87	
454,867	628,73	
455,304	619,36	
455,74	640,43	
456,176	635,75	
456,613	614,68	
457,049	579,58	
457,485	635,75	
457,921	631,07	
458,357	670,86	
458,793	614,68	
459,229	619,36	
459,665	600,64	
460,101	588,94	
460,537	708,3	
460,973	656,81	
461,408	682,56	
461,844	668,52	
462,28	689,58	
462,715	731,71	
463,151	673,2	
463,586	642,77	
464,022	602,98	
464,457	675,54	
464,892	621,7	
465,328	633,41	
465,763	642,77	
466,198	673,2	
466,633	673,2	
467,068	593,62	
467,503	689,58	
467,938	610	
468,373	619,36	
468,808	675,54	
469,243	663,83	
469,677	684,9	
470,112	729,37	
470,547	668,52	
470,981	705,96	
471,416	680,22	
471,85	720,01	
472,285	689,58	
472,719	738,73	
473,153	715,33	
473,588	778,52	
474,022	698,94	
474,456	727,03	
474,89	745,75	
475,324	766,82	
475,758	701,28	
476,192	759,8	
476,626	764,48	
477,06	712,99	
477,494	820,65	
477,928	703,62	
478,361	729,37	
478,795	773,84	
479,229	790,22	
479,662	773,84	
480,096	729,37	
480,529	769,16	
480,962	834,69	
481,396	841,72	
481,829	839,37	
482,262	881,5	
482,695	897,89	
483,129	860,44	
483,562	862,78	
483,995	839,37	
484,428	935,34	
484,861	956,4	
485,294	1040,66	
485,726	972,79	
486,159	1040,66	
486,592	1064,07	
487,024	1141,3	
487,457	1122,58	
487,89	1157,69	
488,322	1220,88	
488,755	1265,35	
489,187	1340,25	
489,619	1293,44	
490,052	1237,27	
490,484	1216,2	
490,916	1323,87	
491,348	1244,29	
491,78	1202,16	
492,212	1248,97	
492,644	1218,54	
493,076	1145,98	
493,508	1143,64	
493,94	1136,62	
494,372	1127,26	
494,804	1225,56	
495,235	1164,71	
495,667	1061,73	
496,098	1160,03	
496,53	1052,36	
496,961	1092,15	
497,393	1071,09	
497,824	1066,41	
498,256	1157,69	
498,687	1131,94	
499,118	937,68	
499,549	1005,55	
499,98	970,44	
500,411	1031,3	
500,842	1007,89	
501,273	1000,87	
501,704	996,19	
502,135	970,44	
502,566	986,83	
502,997	993,85	
503,427	918,95	
503,858	968,1	
504,289	830,01	
504,719	940,02	
505,15	940,02	
505,58	865,12	
506,01	930,66	
506,441	895,55	
506,871	916,61	
507,301	832,35	
507,731	911,93	
508,161	907,25	
508,592	858,1	
509,022	904,91	
509,451	984,49	
509,881	911,93	
510,311	979,81	
510,741	928,31	
511,171	928,31	
511,6	883,84	
512,03	925,97	
512,46	872,14	
512,889	907,25	
513,319	958,74	
513,748	982,15	
514,178	993,85	
514,607	930,66	
515,036	970,44	
515,465	855,76	
515,895	923,63	
516,324	888,53	
516,753	944,7	
517,182	858,1	
517,611	949,38	
518,04	815,97	
518,469	867,46	
518,897	858,1	
519,326	820,65	
519,755	865,12	
520,183	827,67	
520,612	881,5	
521,041	895,55	
521,469	914,27	
521,898	837,03	
522,326	869,8	
522,754	841,72	
523,183	923,63	
523,611	923,63	
524,039	996,19	
524,467	918,95	
524,895	872,14	
525,323	886,19	
525,751	918,95	
526,179	916,61	
526,607	846,4	
527,035	944,7	
527,463	876,82	
527,89	865,12	
528,318	933	
528,745	822,99	
529,173	933	
529,601	895,55	
530,028	879,16	
530,455	904,91	
530,883	951,72	
531,31	956,4	
531,737	956,4	
532,164	975,13	
532,592	914,27	
533,019	853,42	
533,446	991,51	
533,873	972,79	
534,3	954,06	
534,726	979,81	
535,153	902,57	
535,58	998,53	
536,007	1017,26	
536,433	970,44	
536,86	947,04	
537,287	977,47	
537,713	975,13	
538,139	975,13	
538,566	989,17	
538,992	1089,81	
539,418	1174,07	
539,845	1164,71	
540,271	1295,78	
540,697	1410,47	
541,123	1515,79	
541,549	1609,41	
541,975	1937,09	
542,401	2316,25	
542,827	2786,7	
543,253	3193,95	
543,678	3236,08	
544,104	3493,54	
544,53	3238,42	
544,955	3203,32	
545,381	3009,05	
545,806	3030,12	
546,232	3013,73	
546,657	3217,36	
547,083	3837,6	
547,508	4244,85	
547,933	4303,37	
548,358	4139,53	
548,783	3512,27	
549,209	3179,91	
549,634	2793,72	
550,059	2402,85	
550,483	2171,14	
550,908	2105,6	
551,333	1976,87	
551,758	1749,84	
552,183	1667,92	
552,607	1691,33	
553,032	1429,19	
553,456	1515,79	
553,881	1354,29	
554,305	1272,37	
554,73	1274,71	
555,154	1321,52	
555,578	1092,15	
556,003	1167,05	
556,427	1087,47	
556,851	1160,03	
557,275	1089,81	
557,699	951,72	
558,123	993,85	
558,547	986,83	
558,971	862,78	
559,395	991,51	
559,818	956,4	
560,242	869,8	
560,666	860,44	
561,089	921,29	
561,513	923,63	
561,936	935,34	
562,36	947,04	
562,783	942,36	
563,206	958,74	
563,63	881,5	
564,053	904,91	
564,476	916,61	
564,899	937,68	
565,322	804,27	
565,745	790,22	
566,168	881,5	
566,591	801,93	
567,014	869,8	
567,437	858,1	
567,86	865,12	
568,282	944,7	
568,705	867,46	
569,128	806,61	
569,55	876,82	
569,973	874,48	
570,395	900,23	
570,817	862,78	
571,24	874,48	
571,662	890,87	
572,084	874,48	
572,506	766,82	
572,928	808,95	
573,35	865,12	
573,772	879,16	
574,194	865,12	
574,616	937,68	
575,038	813,63	
575,46	865,12	
575,882	918,95	
576,303	832,35	
576,725	879,16	
577,147	895,55	
577,568	837,03	
577,99	1024,28	
578,411	1115,56	
578,832	1153,01	
579,254	1120,24	
579,675	1089,81	
580,096	1075,77	
580,517	1248,97	
580,938	1192,8	
581,36	1265,35	
581,781	1253,65	
582,201	1153,01	
582,622	1174,07	
583,043	1164,71	
583,464	1174,07	
583,885	1190,45	
584,305	1220,88	
584,726	1361,31	
585,147	1239,61	
585,567	1314,5	
585,988	1263,01	
586,408	1309,82	
586,828	1197,48	
587,249	1188,11	
587,669	1300,46	
588,089	1321,52	
588,509	1457,28	
588,929	1452,59	
589,349	1429,19	
589,769	1457,28	
590,189	1305,14	
590,609	1157,69	
591,029	1131,94	
591,449	1031,3	
591,868	1078,11	
592,288	1075,77	
592,708	1087,47	
593,127	1003,21	
593,547	1117,9	
593,966	1295,78	
594,386	1358,97	
594,805	1361,31	
595,224	1394,08	
595,643	1291,1	
596,063	1178,75	
596,482	1183,43	
596,901	1174,07	
597,32	1092,15	
597,739	1134,28	
598,158	1054,7	
598,577	1131,94	
598,995	1024,28	
599,414	1050,02	
599,833	1099,17	
600,252	1162,37	
600,67	1312,16	
601,089	1206,84	
601,507	1333,23	
601,926	1305,14	
602,344	1286,42	
602,762	1225,56	
603,181	1218,54	
603,599	1145,98	
604,017	1155,35	
604,435	1216,2	
604,853	1045,34	
605,271	1150,67	
605,689	1038,32	
606,107	1103,86	
606,525	1124,92	
606,943	1199,82	
607,36	1251,31	
607,778	1218,54	
608,196	1209,18	
608,613	1384,72	
609,031	1300,46	
609,448	1452,59	
609,866	1417,49	
610,283	1543,88	
610,7	1780,27	
611,118	1976,87	
611,535	2442,64	
611,952	3594,19	
612,369	4925,95	
612,786	6089,2	
613,203	6412,19	
613,62	6166,43	
614,037	5698,33	
614,454	5035,96	
614,87	4432,1	
615,287	3708,87	
615,704	3404,6	
616,12	3170,55	
616,537	3016,07	
616,953	2868,62	
617,37	2559,67	
617,786	2388,81	
618,203	2299,87	
618,619	2082,2	
619,035	2011,98	
619,451	2035,39	
619,868	2072,84	
620,284	2042,41	
620,7	2157,1	
621,116	2065,82	
621,531	1979,22	
621,947	2105,6	
622,363	2157,1	
622,779	2217,95	
623,195	2290,51	
623,61	2466,05	
624,026	2552,65	
624,441	2667,33	
624,857	2660,31	
625,272	2702,44	
625,688	2896,71	
626,103	2927,13	
626,518	2889,68	
626,933	2980,96	
627,349	3161,19	
627,764	3261,83	
628,179	3423,33	
628,594	3629,29	
629,009	3570,78	
629,424	3732,28	
629,838	3655,04	
630,253	3956,97	
630,668	4045,91	
631,083	4305,71	
631,497	4499,97	
631,912	4717,64	
632,326	4963,4	
632,741	5171,71	
633,155	5356,61	
633,57	5244,26	
633,984	5553,21	
634,398	5686,62	
634,812	5962,81	
635,226	6084,52	
635,64	6051,75	
636,054	6613,48	
636,468	7212,65	
636,882	7374,15	
637,296	7795,45	
637,71	8083,33	
638,124	8251,85	
638,537	8261,21	
638,951	8553,78	
639,365	8900,18	
639,778	9351,9	
640,192	9623,41	
640,605	10367,7	
641,019	10482,38	
641,432	10819,42	
641,845	10913,04	
642,258	11474,77	
642,672	12109,05	
643,085	12612,27	
643,498	12715,25	
643,911	12579,5	
644,324	12654,4	
644,737	13241,87	
645,149	14370,01	
645,562	15062,81	
645,975	14994,93	
646,388	15622,2	
646,8	16621,61	
647,213	17569,52	
647,625	18861,5	
648,038	19404,5	
648,45	20490,51	
648,862	21148,2	
649,275	21384,6	
649,687	22016,54	
650,099	22508,05	
650,511	23163,4	
650,923	25021,79	
651,335	26311,42	
651,747	27062,74	
652,159	28357,05	
652,571	28600,47	
652,983	29066,24	
653,395	29227,73	
653,806	28556	
654,218	28228,32	
654,63	27666,59	
655,041	27315,51	
655,453	26299,72	
655,864	25529,69	
656,275	24747,95	
656,687	24719,86	
657,098	24169,83	
657,509	23128,3	
657,92	21609,29	
658,332	19388,12	
658,743	18316,15	
659,154	16951,62	
659,565	15769,65	
659,975	14749,18	
660,386	13791,9	
660,797	12843,98	
661,208	11966,28	
661,618	10971,55	
662,029	10386,42	
662,44	9759,16	
662,85	8937,63	
663,261	8106,74	
663,671	7177,55	
664,081	6870,94	
664,492	6510,49	
664,902	5820,03	
665,312	5492,36	
665,722	5216,18	
666,132	4944,67	
666,542	4890,84	
666,952	4804,24	
667,362	4448,48	
667,772	4076,34	
668,182	3641	
668,591	3294,6	
669,001	3186,93	
669,411	3107,35	
669,82	2770,32	
670,23	2716,48	
670,639	2543,28	
671,049	2386,47	
671,458	2248,38	
671,867	2164,12	
672,277	2133,69	
672,686	2056,45	
673,095	1920,7	
673,504	1824,74	
673,913	1866,87	
674,322	1714,73	
674,731	1658,56	
675,14	1515,79	
675,549	1447,91	
675,957	1380,04	
676,366	1333,23	
676,775	1351,95	
677,183	1401,1	
677,592	1382,38	
678	1286,42	
678,409	1239,61	
678,817	1136,62	
679,226	1031,3	
679,634	1040,66	
680,042	958,74	
680,45	1033,64	
680,858	888,53	
681,266	1005,55	
681,674	963,42	
682,082	949,38	
682,49	921,29	
682,898	886,19	
683,306	921,29	
683,714	830,01	
684,121	869,8	
684,529	841,72	
684,936	769,16	
685,344	776,18	
685,751	680,22	
686,159	689,58	
686,566	727,03	
686,973	668,52	
687,381	727,03	
687,788	680,22	
688,195	656,81	
688,602	666,17	
689,009	640,43	
689,416	610	
689,823	605,32	
690,23	659,15	
690,636	635,75	
691,043	588,94	
691,45	537,45	
691,857	591,28	
692,263	565,53	
692,67	614,68	
693,076	535,1	
693,483	579,58	
693,889	542,13	
694,295	631,07	
694,701	591,28	
695,108	551,49	
695,514	666,17	
695,92	511,7	
696,326	556,17	
696,732	500	
697,138	535,1	
697,544	514,04	
697,949	492,98	
698,355	471,91	
698,761	411,06	
699,167	518,72	
699,572	446,16	
699,978	535,1	
700,383	537,45	
700,789	539,79	
701,194	457,87	
701,599	464,89	
702,004	537,45	
702,41	485,95	
702,815	525,74	
703,22	516,38	
703,625	549,15	
704,03	537,45	
704,435	469,57	
704,84	476,59	
705,245	514,04	
705,649	469,57	
706,054	514,04	
706,459	467,23	
706,863	427,44	
707,268	563,19	
707,672	528,08	
708,077	567,87	
708,481	595,96	
708,885	492,98	
709,29	631,07	
709,694	565,53	
710,098	624,05	
710,502	680,22	
710,906	614,68	
711,31	621,7	
711,714	598,3	
712,118	488,29	
712,522	460,21	
712,926	535,1	
713,329	546,81	
713,733	507,02	
714,137	542,13	
714,54	546,81	
714,944	565,53	
715,347	546,81	
715,75	439,14	
716,154	530,42	
716,557	411,06	
716,96	406,38	
717,363	476,59	
717,767	446,16	
718,17	352,54	
718,573	371,27	
718,976	453,19	
719,378	380,63	
719,781	343,18	
720,184	324,46	
720,587	310,41	
720,989	411,06	
721,392	357,22	
721,795	371,27	
722,197	394,67	
722,6	387,65	
723,002	418,08	
723,404	378,29	
723,807	413,4	
724,209	382,97	
724,611	420,42	
725,013	361,91	
725,415	392,33	
725,817	411,06	
726,219	375,95	
726,621	385,31	
727,023	408,72	
727,425	357,22	
727,826	343,18	
728,228	387,65	
728,63	368,93	
729,031	361,91	
729,433	382,97	
729,834	404,03	
730,236	373,61	
730,637	411,06	
731,038	371,27	
731,44	394,67	
731,841	368,93	
732,242	282,33	
732,643	366,59	
733,044	357,22	
733,445	392,33	
733,846	364,25	
734,247	350,2	
734,647	331,48	
735,048	382,97	
735,449	408,72	
735,849	394,67	
736,25	368,93	
736,65	382,97	
737,051	408,72	
737,451	310,41	
737,852	331,48	
738,252	411,06	
738,652	432,12	
739,052	413,4	
739,453	368,93	
739,853	373,61	
740,253	380,63	
740,653	382,97	
741,052	373,61	
741,452	378,29	
741,852	329,14	
742,252	371,27	
742,651	380,63	
743,051	347,86	
743,451	364,25	
743,85	368,93	
744,25	361,91	
744,649	385,31	
745,048	354,88	
745,448	375,95	
745,847	308,07	
746,246	394,67	
746,645	392,33	
747,044	394,67	
747,443	415,74	
747,842	301,05	
748,241	401,69	
748,64	399,35	
749,039	354,88	
749,438	411,06	
749,836	397,01	
750,235	305,73	
750,633	343,18	
751,032	366,59	
751,43	399,35	
751,829	378,29	
752,227	310,41	
752,625	380,63	
753,024	373,61	
753,422	361,91	
753,82	345,52	
754,218	382,97	
754,616	361,91	
755,014	333,82	
755,412	371,27	
755,81	446,16	
756,208	319,78	
756,605	333,82	
757,003	408,72	
757,401	277,65	
757,798	389,99	
758,196	415,74	
758,593	389,99	
758,99	357,22	
759,388	338,5	
759,785	394,67	
760,182	387,65	
760,58	399,35	
760,977	387,65	
761,374	312,75	
761,771	345,52	
762,168	289,35	
762,565	319,78	
762,961	331,48	
763,358	322,12	
763,755	301,05	
764,152	310,41	
764,548	359,56	
764,945	373,61	
765,341	322,12	
765,738	350,2	
766,134	373,61	
766,53	340,84	
766,927	418,08	
767,323	368,93	
767,719	364,25	
768,115	347,86	
768,511	298,71	
768,907	291,69	
769,303	392,33	
769,699	357,22	
770,095	340,84	
770,491	347,86	
770,886	298,71	
771,282	347,86	
771,678	279,99	
772,073	345,52	
772,469	331,48	
772,864	366,59	
773,26	275,31	
773,655	268,28	
774,05	385,31	
774,445	387,65	
774,841	350,2	
775,236	378,29	
775,631	418,08	
776,026	411,06	
776,421	392,33	
776,816	345,52	
777,21	354,88	
777,605	352,54	
778	305,73	
778,395	371,27	
778,789	301,05	
779,184	352,54	
779,578	352,54	
779,973	385,31	
780,367	315,09	
780,761	359,56	
781,156	347,86	
781,55	287,01	
781,944	420,42	
782,338	324,46	
782,732	331,48	
783,126	331,48	
783,52	371,27	
783,914	310,41	
784,308	333,82	
784,701	373,61	
785,095	364,25	
785,489	366,59	
785,882	397,01	
786,276	357,22	
786,669	310,41	
787,063	394,67	
787,456	326,8	
787,85	322,12	
788,243	397,01	
788,636	406,38	
789,029	359,56	
789,422	361,91	
789,815	387,65	
790,208	340,84	
790,601	354,88	
790,994	336,16	
791,387	305,73	
791,78	420,42	
792,172	331,48	
792,565	310,41	
792,957	296,37	
793,35	291,69	
793,742	324,46	
794,135	373,61	
794,527	373,61	
794,919	352,54	
795,312	350,2	
795,704	319,78	
796,096	324,46	
796,488	357,22	
796,88	329,14	
797,272	382,97	
797,664	415,74	
798,056	277,65	
798,448	331,48	
798,839	284,67	
799,231	357,22	
799,623	401,69	
800,014	305,73	
800,406	331,48	
800,797	326,8	
801,189	317,44	
801,58	338,5	
801,971	357,22	
802,362	317,44	
802,754	310,41	
803,145	343,18	
803,536	303,39	
803,927	411,06	
804,318	333,82	
804,709	331,48	
805,099	319,78	
805,49	350,2	
805,881	357,22	
806,272	310,41	
806,662	298,71	
807,053	308,07	
807,443	359,56	
807,834	336,16	
808,224	289,35	
808,614	305,73	
809,005	385,31	
809,395	265,94	
809,785	291,69	
810,175	319,78	
810,565	371,27	
810,955	350,2	
811,345	294,03	
811,735	308,07	
812,125	345,52	
812,515	315,09	
812,904	350,2	
813,294	378,29	
813,684	352,54	
814,073	324,46	
814,463	319,78	
814,852	387,65	
815,241	382,97	
815,631	352,54	
816,02	329,14	
816,409	331,48	
816,798	340,84	
817,187	333,82	
817,576	324,46	
817,965	411,06	
818,354	326,8	
818,743	425,1	
819,132	258,92	
819,521	338,5	
819,909	347,86	
820,298	394,67	
820,686	373,61	
821,075	333,82	
821,463	336,16	
821,852	345,52	
822,24	312,75	
822,628	352,54	
823,017	244,88	
823,405	399,35	
823,793	347,86	
824,181	289,35	
824,569	347,86	
824,957	317,44	
825,345	305,73	
825,733	345,52	
826,12	268,28	
826,508	308,07	
826,896	319,78	
827,283	324,46	
827,671	413,4	
828,059	343,18	
828,446	329,14	
828,833	392,33	
829,221	333,82	
829,608	336,16	
829,995	277,65	
830,382	303,39	
830,769	408,72	
831,156	319,78	
831,543	343,18	
831,93	352,54	
832,317	289,35	
832,704	277,65	
833,091	270,62	
833,477	287,01	
833,864	244,88	
834,251	315,09	
834,637	347,86	
835,024	338,5	
835,41	305,73	
835,796	312,75	
836,183	343,18	
836,569	317,44	
836,955	336,16	
837,341	315,09	
837,727	322,12	
838,113	343,18	
838,499	291,69	
838,885	315,09	
839,271	310,41	
839,657	345,52	
840,043	343,18	
840,428	340,84	
840,814	343,18	
841,199	303,39	
841,585	404,03	
841,97	319,78	
842,356	298,71	
842,741	347,86	
843,126	317,44	
843,512	350,2	
843,897	284,67	
844,282	329,14	
844,667	289,35	
845,052	347,86	
845,437	364,25	
845,822	387,65	
846,206	298,71	
846,591	291,69	
846,976	373,61	
847,361	315,09	
847,745	336,16	
848,13	324,46	
848,514	359,56	
848,899	329,14	
849,283	338,5	
849,667	296,37	
850,051	310,41	
850,436	242,54	
850,82	289,35	
851,204	284,67	
851,588	305,73	
851,972	392,33	
852,356	375,95	
852,74	333,82	
853,123	364,25	
853,507	272,96	
853,891	315,09	
854,274	354,88	
854,658	380,63	
855,041	305,73	
855,425	364,25	
855,808	254,24	
856,192	333,82	
856,575	347,86	
856,958	296,37	
857,341	333,82	
857,724	373,61	
858,107	240,2	
858,49	284,67	
858,873	324,46	
859,256	329,14	
859,639	291,69	
860,022	329,14	
860,404	368,93	
860,787	319,78	
861,17	331,48	
861,552	322,12	
861,935	303,39	
862,317	340,84	
862,699	265,94	
863,082	317,44	
863,464	359,56	
863,846	294,03	
864,228	326,8	
864,61	275,31	
864,992	343,18	
865,374	279,99	
865,756	378,29	
866,138	287,01	
866,52	275,31	
866,902	287,01	
867,283	301,05	
867,665	326,8	
868,046	319,78	
868,428	382,97	
868,809	319,78	
869,191	331,48	
869,572	338,5	
869,953	322,12	
870,335	394,67	
870,716	294,03	
871,097	303,39	
871,478	326,8	
871,859	331,48	
872,24	350,2	
872,621	237,86	
873,001	322,12	
873,382	333,82	
873,763	312,75	
874,143	275,31	
874,524	303,39	
874,905	298,71	
875,285	315,09	
875,665	317,44	
876,046	308,07	
876,426	345,52	
876,806	315,09	
877,186	343,18	
877,567	301,05	
877,947	268,28	
878,327	310,41	
878,707	207,43	
879,086	310,41	
879,466	340,84	
879,846	315,09	
880,226	247,22	
880,605	518,72	
880,985	336,16	
881,365	265,94	
881,744	324,46	
882,124	312,75	
882,503	275,31	
882,882	296,37	
883,261	336,16	
883,641	343,18	
884,02	308,07	
884,399	284,67	
884,778	319,78	
885,157	301,05	
885,536	310,41	
885,915	361,91	
886,293	303,39	
886,672	392,33	
887,051	294,03	
887,429	298,71	
887,808	263,6	
888,186	289,35	
888,565	366,59	
888,943	303,39	
889,322	347,86	
889,7	294,03	
890,078	258,92	
890,456	308,07	
890,834	303,39	
891,212	303,39	
891,59	261,26	
891,968	268,28	
892,346	291,69	
892,724	233,18	
893,102	298,71	
893,479	315,09	
893,857	310,41	
894,235	326,8	
894,612	413,4	
894,99	268,28	
895,367	333,82	
895,744	336,16	
896,122	305,73	
896,499	317,44	
896,876	315,09	
897,253	291,69	
897,63	380,63	
898,007	319,78	
898,384	343,18	
898,761	324,46	
899,138	331,48	
899,515	371,27	
899,891	350,2	
900,268	305,73	
900,645	310,41	
901,021	303,39	
901,398	310,41	
901,774	298,71	
902,15	324,46	
902,527	275,31	
902,903	336,16	
903,279	354,88	
903,655	329,14	
904,031	343,18	
904,407	322,12	
904,783	338,5	
905,159	347,86	
905,535	354,88	
905,911	319,78	
906,287	326,8	
906,662	279,99	
907,038	294,03	
907,413	338,5	
907,789	340,84	
908,164	287,01	
908,54	305,73	
908,915	308,07	
909,29	294,03	
909,666	270,62	
910,041	343,18	
910,416	315,09	
910,791	329,14	
911,166	312,75	
911,541	291,69	
911,916	319,78	
912,29	272,96	
912,665	279,99	
913,04	350,2	
913,414	289,35	
913,789	289,35	
914,163	284,67	
914,538	333,82	
914,912	312,75	
915,287	291,69	
915,661	296,37	
916,035	317,44	
916,409	352,54	
916,783	336,16	
917,157	279,99	
917,531	268,28	
917,905	338,5	
918,279	338,5	
918,653	277,65	
919,027	287,01	
919,4	315,09	
919,774	326,8	
920,148	294,03	
920,521	263,6	
920,895	258,92	
921,268	385,31	
921,641	305,73	
922,015	359,56	
922,388	350,2	
922,761	338,5	
923,134	279,99	
923,507	329,14	
923,88	331,48	
924,253	317,44	
924,626	364,25	
924,999	301,05	
925,372	322,12	
925,744	294,03	
926,117	333,82	
926,489	296,37	
926,862	275,31	
927,234	308,07	
927,607	345,52	
927,979	338,5	
928,352	315,09	
928,724	279,99	
929,096	329,14	
929,468	329,14	
929,84	308,07	
930,212	268,28	
930,584	310,41	
930,956	298,71	
931,328	364,25	
931,7	310,41	
932,071	301,05	
932,443	331,48	
932,814	277,65	
933,186	329,14	
933,557	298,71	
933,929	326,8	
934,3	251,9	
934,672	258,92	
935,043	265,94	
935,414	310,41	
935,785	347,86	
936,156	244,88	
936,527	347,86	
936,898	275,31	
937,269	312,75	
937,64	289,35	
938,011	359,56	
938,381	345,52	
938,752	275,31	
939,123	294,03	
939,493	291,69	
939,864	359,56	
940,234	361,91	
940,604	298,71	
940,975	279,99	
941,345	322,12	
941,715	289,35	
942,085	319,78	
942,455	343,18	
942,825	366,59	
943,195	298,71	
943,565	343,18	
943,935	336,16	
944,305	263,6	
944,675	312,75	
945,044	291,69	
945,414	216,79	
945,783	315,09	
946,153	331,48	
946,522	317,44	
946,892	308,07	
947,261	312,75	
947,63	305,73	
947,999	275,31	
948,369	296,37	
948,738	371,27	
949,107	261,26	
949,476	343,18	
949,844	350,2	
950,213	202,75	
950,582	305,73	
950,951	315,09	
951,319	287,01	
951,688	322,12	
952,057	333,82	
952,425	277,65	
952,794	296,37	
953,162	333,82	
953,53	237,86	
953,898	343,18	
954,267	338,5	
954,635	361,91	
955,003	282,33	
955,371	303,39	
955,739	272,96	
956,107	345,52	
956,475	305,73	
956,842	303,39	
957,21	382,97	
957,578	247,22	
957,945	305,73	
958,313	263,6	
958,68	265,94	
959,048	249,56	
959,415	303,39	
959,783	315,09	
960,15	265,94	
960,517	350,2	
960,884	343,18	
961,251	294,03	
961,618	352,54	
961,985	228,49	
962,352	354,88	
962,719	315,09	
963,086	289,35	
963,452	282,33	
963,819	270,62	
964,186	268,28	
964,552	315,09	
964,919	301,05	
965,285	303,39	
965,652	277,65	
966,018	212,11	
966,384	352,54	
966,75	247,22	
967,116	322,12	
967,482	301,05	
967,848	352,54	
968,214	305,73	
968,58	312,75	
968,946	303,39	
969,312	340,84	
969,678	277,65	
970,043	277,65	
970,409	261,26	
970,774	397,01	
971,14	317,44	
971,505	380,63	
971,871	319,78	
972,236	282,33	
972,601	270,62	
972,967	333,82	
973,332	343,18	
973,697	275,31	
974,062	279,99	
974,427	333,82	
974,792	315,09	
975,156	324,46	
975,521	317,44	
975,886	296,37	
976,251	343,18	
976,615	244,88	
976,98	305,73	
977,344	380,63	
977,709	324,46	
978,073	268,28	
978,437	317,44	
978,802	296,37	
979,166	263,6	
979,53	291,69	
979,894	329,14	
980,258	315,09	
980,622	301,05	
980,986	233,18	
981,35	336,16	
981,713	308,07	
982,077	301,05	
982,441	340,84	
982,804	240,2	
983,168	366,59	
983,531	310,41	
983,895	284,67	
984,258	340,84	
984,621	296,37	
984,985	322,12	
985,348	312,75	
985,711	298,71	
986,074	247,22	
986,437	404,03	
986,8	350,2	
987,163	354,88	
987,526	305,73	
987,888	308,07	
988,251	289,35	
988,614	322,12	
988,976	352,54	
989,339	291,69	
989,701	277,65	
990,064	436,8	
990,426	373,61	
990,788	319,78	
991,151	247,22	
991,513	347,86	
991,875	296,37	
992,237	282,33	
992,599	289,35	
992,961	322,12	
993,323	368,93	
993,685	263,6	
994,046	359,56	
994,408	347,86	
994,77	298,71	
995,131	364,25	
995,493	308,07	
995,854	298,71	
996,216	284,67	
996,577	333,82	
996,938	216,79	
997,299	380,63	
997,661	305,73	
998,022	275,31	
998,383	352,54	
998,744	298,71	
999,105	324,46	
999,465	277,65	
999,826	261,26	
1000,187	254,24	
1000,548	333,82	
1000,908	333,82	
1001,269	235,52	
1001,629	305,73	
1001,99	312,75	
1002,35	291,69	
1002,711	333,82	
1003,071	317,44	
1003,431	287,01	
1003,791	359,56	
1004,151	279,99	
1004,511	301,05	
1004,871	333,82	
1005,231	296,37	
1005,591	294,03	
1005,951	357,22	
1006,311	275,31	
1006,67	301,05	
1007,03	258,92	
1007,389	312,75	
1007,749	340,84	
1008,108	308,07	
1008,468	312,75	
1008,827	272,96	
1009,186	322,12	
1009,545	284,67	
1009,905	305,73	
1010,264	350,2	
1010,623	340,84	
1010,982	251,9	
1011,341	382,97	
1011,699	371,27	
1012,058	275,31	
1012,417	298,71	
1012,776	352,54	
1013,134	263,6	
1013,493	329,14	
1013,851	382,97	
1014,21	315,09	
1014,568	329,14	
1014,926	308,07	
1015,284	312,75	
1015,643	347,86	
1016,001	291,69	
1016,359	284,67	
1016,717	319,78	
1017,075	298,71	
1017,433	275,31	
1017,79	289,35	
1018,148	350,2	
1018,506	322,12	
1018,864	291,69	
1019,221	326,8	
1019,579	324,46	
1019,936	364,25	
1020,294	312,75	
1020,651	359,56	
1021,008	272,96	
1021,365	287,01	
1021,723	254,24	
1022,08	289,35	
1022,437	387,65	
1022,794	294,03	
1023,151	287,01	
1023,507	284,67	
1023,864	305,73	
1024,221	284,67	
1024,578	368,93	
1024,934	324,46	
1025,291	303,39	
1025,647	287,01	
1026,004	298,71	
1026,36	387,65	
1026,717	343,18	
1027,073	317,44	
1027,429	287,01	
1027,785	315,09	
1028,141	289,35	
1028,497	268,28	
1028,853	277,65	
1029,209	343,18	
1029,565	375,95	
1029,921	296,37	
1030,277	277,65	
1030,632	310,41	
1030,988	357,22	
1031,343	359,56	
1031,699	258,92	
1032,054	258,92	
1032,41	258,92	
