FLMS05996_1:101		
187.658	-70.07	
188.124	-70.07	
188.589	-70.07	
189.055	-39.64	
189.521	-79.43	
189.987	-133.26	
190.452	-126.24	
190.918	-159.01	
191.384	-81.77	
191.849	-44.32	
192.314	7.17	
192.78	86.75	
193.245	149.94	
193.711	-159.01	
194.176	18.87	
194.641	16.53	
195.106	-37.3	
195.571	126.54	
196.037	149.94	
196.502	126.54	
196.967	58.66	
197.431	224.84	
197.896	110.15	
198.361	2518.56	
198.826	8713.96	
199.291	8505.65	
199.755	7920.52	
200.22	7333.04	
200.685	7194.95	
201.149	7201.97	
201.614	7267.51	
202.078	7255.81	
202.543	7358.79	
203.007	6972.6	
203.471	6857.92	
203.936	6890.68	
204.4	6754.93	
204.864	6900.05	
205.328	6907.07	
205.792	6715.14	
206.256	6516.2	
206.72	6331.3	
207.184	6413.21	
207.648	6410.87	
208.112	6455.34	
208.576	6455.34	
209.039	6394.49	
209.503	6464.71	
209.967	6523.22	
210.43	6443.64	
210.894	6130.01	
211.357	6483.43	
211.821	6167.46	
212.284	6087.88	
212.747	6211.93	
213.211	6443.64	
213.674	6284.48	
214.137	6738.55	
214.6	6567.69	
215.063	6518.54	
215.526	6469.39	
215.989	6048.09	
216.452	6176.82	
216.915	6087.88	
217.378	6052.77	
217.841	6151.07	
218.304	6057.45	
218.767	6247.04	
219.229	6534.92	
219.692	6392.15	
220.154	6314.91	
220.617	6174.48	
221.079	6305.55	
221.542	6623.86	
222.004	6986.65	
222.467	6799.4	
222.929	6766.64	
223.391	6780.68	
223.853	6822.81	
224.315	6642.59	
224.777	6450.66	
225.239	6588.75	
225.701	6665.99	
226.163	6443.64	
226.625	6312.57	
227.087	6417.9	
227.549	6256.4	
228.011	6675.35	
228.472	6605.14	
228.934	6450.66	
229.396	6626.2	
229.857	6797.06	
230.319	6357.04	
230.78	6546.62	
231.242	6605.14	
231.703	6401.51	
232.164	6188.52	
232.626	6141.71	
233.087	6698.76	
233.548	6916.43	
234.009	6630.88	
234.47	7017.07	
234.931	6754.93	
235.392	6626.2	
235.853	6462.37	
236.314	6857.92	
236.775	6827.49	
237.235	6490.45	
237.696	6495.13	
238.157	6230.65	
238.618	6354.7	
239.078	6249.38	
239.539	6394.49	
239.999	6499.81	
240.46	6354.7	
240.92	6059.79	
241.38	6312.57	
241.841	6422.58	
242.301	6445.98	
242.761	6621.52	
243.221	6717.48	
243.681	6460.02	
244.141	6586.41	
244.601	6364.06	
245.061	6577.05	
245.521	6771.32	
245.981	6488.11	
246.441	6738.55	
246.901	6893.02	
247.36	6822.81	
247.82	6820.47	
248.28	6871.96	
248.739	6827.49	
249.199	6670.67	
249.658	7201.97	
250.117	7127.08	
250.577	6914.09	
251.036	7082.61	
251.495	6663.65	
251.955	7003.03	
252.414	6825.15	
252.873	7159.85	
253.332	6827.49	
253.791	6911.75	
254.25	6834.51	
254.709	6324.27	
255.168	6125.33	
255.627	6282.14	
256.085	6853.23	
256.544	6726.85	
257.003	7216.02	
257.461	6684.72	
257.92	6680.04	
258.379	6717.48	
258.837	6724.51	
259.295	7084.95	
259.754	7578.8	
260.212	7319	
260.67	6878.98	
261.129	6890.68	
261.587	7211.34	
262.045	7201.97	
262.503	6761.95	
262.961	6972.6	
263.419	6689.4	
263.877	6399.17	
264.335	6694.08	
264.793	7124.74	
265.251	6719.82	
265.708	6457.68	
266.166	7117.72	
266.624	7480.5	
267.081	7106.01	
267.539	7113.03	
267.996	6794.72	
268.454	7035.8	
268.911	6745.57	
269.369	6754.93	
269.826	7028.78	
270.283	6743.23	
270.74	6644.93	
271.198	6902.39	
271.655	6855.58	
272.112	6565.35	
272.569	6680.04	
273.026	6621.52	
273.483	6581.73	
273.94	6235.33	
274.396	6413.21	
274.853	6490.45	
275.31	6445.98	
275.767	6703.44	
276.223	6867.28	
276.68	6956.22	
277.136	6834.51	
277.593	6640.25	
278.049	7059.2	
278.506	7136.44	
278.962	6942.18	
279.418	7185.59	
279.874	6605.14	
280.331	6544.28	
280.787	6586.41	
281.243	6481.09	
281.699	7319	
282.155	6658.97	
282.611	6656.63	
283.067	6588.75	
283.522	6427.26	
283.978	6509.18	
284.434	6240.01	
284.89	6474.07	
285.345	6331.3	
285.801	6635.57	
286.256	6862.6	
286.712	6668.33	
287.167	6644.93	
287.623	6197.88	
288.078	6429.6	
288.533	6286.83	
288.989	6497.47	
289.444	6705.78	
289.899	6694.08	
290.354	6527.9	
290.809	6438.96	
291.264	6460.02	
291.719	6263.42	
292.174	6628.54	
292.629	6773.66	
293.084	6438.96	
293.538	6534.92	
293.993	6923.45	
294.448	6680.04	
294.902	6832.17	
295.357	6878.98	
295.811	6614.5	
296.266	6705.78	
296.72	6719.82	
297.174	6710.46	
297.629	6410.87	
298.083	6743.23	
298.537	6296.19	
298.991	6373.43	
299.446	6996.01	
299.9	6808.76	
300.354	6558.33	
300.808	6827.49	
301.261	7028.78	
301.715	6754.93	
302.169	7040.48	
302.623	6921.11	
303.077	6197.88	
303.53	6485.77	
303.984	6139.37	
304.437	6445.98	
304.891	6328.95	
305.344	6520.88	
305.798	6785.36	
306.251	6499.81	
306.704	6495.13	
307.158	6492.79	
307.611	6424.92	
308.064	6368.74	
308.517	6577.05	
308.97	6364.06	
309.423	6532.58	
309.876	6169.8	
310.329	6202.57	
310.782	6354.7	
311.235	6303.21	
311.688	6392.15	
312.14	6211.93	
312.593	6303.21	
313.046	7070.9	
313.498	6591.09	
313.951	6453	
314.403	6228.31	
314.856	6731.53	
315.308	6455.34	
315.76	6464.71	
316.213	6520.88	
316.665	6324.27	
317.117	6371.08	
317.569	6345.34	
318.021	6424.92	
318.473	6335.98	
318.925	6499.81	
319.377	6658.97	
319.829	6200.23	
320.281	6099.58	
320.733	5989.58	
321.184	6155.76	
321.636	6090.22	
322.088	6165.12	
322.539	6326.61	
322.991	6209.59	
323.442	6190.86	
323.894	6139.37	
324.345	5980.22	
324.796	6195.54	
325.248	6216.61	
325.699	6169.8	
326.15	6490.45	
326.601	6289.17	
327.052	6335.98	
327.503	6427.26	
327.954	6534.92	
328.405	6651.95	
328.856	6499.81	
329.307	6382.79	
329.758	5928.72	
330.208	6244.7	
330.659	5947.45	
331.11	5888.93	
331.56	5821.06	
332.011	6389.81	
332.461	6146.39	
332.912	6076.18	
333.362	6441.3	
333.813	6083.2	
334.263	5572.96	
334.713	6022.34	
335.163	6122.99	
335.613	6197.88	
336.063	6012.98	
336.513	6207.25	
336.963	6216.61	
337.413	5926.38	
337.863	5711.05	
338.313	5790.63	
338.763	6104.26	
339.213	5973.19	
339.662	5795.31	
340.112	6005.96	
340.562	6059.79	
341.011	5697.01	
341.461	5767.23	
341.91	5851.49	
342.359	5844.46	
342.809	5907.66	
343.258	5928.72	
343.707	6052.77	
344.156	6024.69	
344.606	6118.31	
345.055	6113.63	
345.504	6062.13	
345.953	6083.2	
346.402	5933.4	
346.85	6101.92	
347.299	6165.12	
347.748	6008.3	
348.197	6106.6	
348.645	6289.17	
349.094	6223.63	
349.543	6350.02	
349.991	6218.95	
350.44	5762.55	
350.888	5704.03	
351.336	5264.01	
351.785	5303.8	
352.233	5299.12	
352.681	5708.71	
353.13	5650.2	
353.578	5626.79	
354.026	5601.05	
354.474	5673.6	
354.922	5647.86	
355.37	5249.97	
355.818	5631.48	
356.265	5411.46	
356.713	5331.89	
357.161	5715.73	
357.609	5390.4	
358.056	5310.82	
358.504	5491.04	
358.951	5334.23	
359.399	5512.11	
359.846	6022.34	
360.294	5631.48	
360.741	5530.83	
361.188	5568.28	
361.635	5605.73	
362.083	5425.51	
362.53	5404.44	
362.977	5306.14	
363.424	5418.49	
363.871	5778.93	
364.318	5507.43	
364.765	5528.49	
365.211	5366.99	
365.658	5535.51	
366.105	5425.51	
366.552	5537.85	
366.998	5381.04	
367.445	5505.09	
367.891	5139.96	
368.338	5334.23	
368.784	5259.33	
369.231	5086.13	
369.677	5261.67	
370.123	5004.21	
370.569	5278.05	
371.016	5395.08	
371.462	5462.96	
371.908	5266.35	
372.354	5123.58	
372.8	5184.43	
373.246	5612.75	
373.692	5755.52	
374.137	5741.48	
374.583	5444.23	
375.029	5474.66	
375.475	5484.02	
375.92	5409.12	
376.366	5692.33	
376.811	5638.5	
377.257	5479.34	
377.702	5732.12	
378.147	5484.02	
378.593	5626.79	
379.038	5799.99	
379.483	5785.95	
379.928	5706.37	
380.374	5788.29	
380.819	5743.82	
381.264	5783.61	
381.709	5537.85	
382.153	5184.43	
382.598	5743.82	
383.043	5718.08	
383.488	5610.41	
383.933	5666.58	
384.377	5409.12	
384.822	5736.8	
385.266	5554.24	
385.711	5565.94	
386.155	5729.78	
386.6	5469.98	
387.044	5516.79	
387.488	5678.29	
387.933	5881.91	
388.377	5799.99	
388.821	5654.88	
389.265	5832.76	
389.709	6059.79	
390.153	5963.83	
390.597	5994.26	
391.041	5893.62	
391.485	6020	
391.929	5968.51	
392.372	6015.32	
392.816	5856.17	
393.26	5657.22	
393.703	5907.66	
394.147	5156.35	
394.59	5413.81	
395.034	5484.02	
395.477	5191.45	
395.921	5495.72	
396.364	5699.35	
396.807	5767.23	
397.25	5769.57	
397.693	5568.28	
398.137	5617.43	
398.58	5984.9	
399.023	5453.59	
399.466	5673.6	
399.908	5849.15	
400.351	5687.65	
400.794	5636.16	
401.237	6317.25	
401.679	6197.88	
402.122	6214.27	
402.565	6012.98	
403.007	6188.52	
403.45	6312.57	
403.892	6511.52	
404.334	6410.87	
404.777	6497.47	
405.219	6258.74	
405.661	6221.29	
406.103	5970.85	
406.546	6106.6	
406.988	6361.72	
407.43	5961.49	
407.872	5746.16	
408.314	5914.68	
408.755	6043.41	
409.197	5998.94	
409.639	6050.43	
410.081	6392.15	
410.522	6448.32	
410.964	6841.53	
411.406	6715.14	
411.847	6413.21	
412.289	6134.69	
412.73	6120.65	
413.171	6050.43	
413.613	5636.16	
414.054	6020	
414.495	5987.24	
414.936	5727.44	
415.377	5884.25	
415.818	5879.57	
416.259	6328.95	
416.7	5783.61	
417.141	5839.78	
417.582	5601.05	
418.023	5715.73	
418.464	5912.34	
418.904	5998.94	
419.345	6247.04	
419.786	6137.03	
420.226	6289.17	
420.667	6331.3	
421.107	6087.88	
421.547	6179.16	
421.988	5685.31	
422.428	5807.02	
422.868	6071.5	
423.308	5902.98	
423.749	5579.98	
424.189	5617.43	
424.629	6254.06	
425.069	6200.23	
425.509	6134.69	
425.949	6244.7	
426.388	6165.12	
426.828	6132.35	
427.268	5996.6	
427.708	6333.64	
428.147	6230.65	
428.587	6078.52	
429.026	6001.28	
429.466	6055.11	
429.905	6186.18	
430.344	5849.15	
430.784	6085.54	
431.223	6057.45	
431.662	5774.25	
432.101	6251.72	
432.541	6069.16	
432.98	5495.72	
433.419	5771.91	
433.858	5722.76	
434.296	5647.86	
434.735	5977.87	
435.174	5949.79	
435.613	6298.53	
436.052	5888.93	
436.49	6211.93	
436.929	6546.62	
437.367	6579.39	
437.806	6808.76	
438.244	6422.58	
438.683	6312.57	
439.121	5687.65	
439.559	5432.53	
439.998	5486.36	
440.436	5711.05	
440.874	5420.83	
441.312	5455.94	
441.75	5149.32	
442.188	5378.7	
442.626	5289.76	
443.064	5228.9	
443.502	5530.83	
443.939	5388.06	
444.377	5249.97	
444.815	5196.14	
445.253	5151.67	
445.69	4992.51	
446.128	5015.91	
446.565	4852.08	
447.002	5083.79	
447.44	4990.17	
447.877	5079.11	
448.314	5086.13	
448.752	5083.79	
449.189	5275.71	
449.626	5238.27	
450.063	5189.11	
450.5	5116.56	
450.937	5149.32	
451.374	5006.55	
451.811	4917.61	
452.248	5093.15	
452.684	5235.92	
453.121	4929.31	
453.558	5076.77	
453.994	5107.2	
454.431	5177.41	
454.867	5008.89	
455.304	5104.85	
455.74	5111.88	
456.176	5240.61	
456.613	5331.89	
457.049	5374.02	
457.485	5392.74	
457.921	5444.23	
458.357	5306.14	
458.793	5259.33	
459.229	5364.65	
459.665	5406.78	
460.101	5249.97	
460.537	5020.6	
460.973	5048.68	
461.408	5065.07	
461.844	5053.36	
462.28	4936.34	
462.715	5083.79	
463.151	5406.78	
463.586	5505.09	
464.022	5329.55	
464.457	5125.92	
464.892	5186.77	
465.328	5259.33	
465.763	5196.14	
466.198	5036.98	
466.633	5474.66	
467.068	5467.64	
467.503	5118.9	
467.938	5139.96	
468.373	5355.29	
468.808	4926.97	
469.243	4901.23	
469.677	5090.81	
470.112	5116.56	
470.547	5111.88	
470.981	5158.69	
471.416	4936.34	
471.85	4978.47	
472.285	5034.64	
472.719	5013.57	
473.153	4938.68	
473.588	4957.4	
474.022	5165.71	
474.456	4978.47	
474.89	4889.53	
475.324	5029.96	
475.758	5146.98	
476.192	4969.1	
476.626	4875.48	
477.06	5121.24	
477.494	5308.48	
477.928	4978.47	
478.361	5338.91	
478.795	5320.18	
479.229	5271.03	
479.662	5196.14	
480.096	5264.01	
480.529	5392.74	
480.962	5551.9	
481.396	5589.35	
481.829	5336.57	
482.262	5448.91	
482.695	5313.16	
483.129	5116.56	
483.562	5378.7	
483.995	5210.18	
484.428	5214.86	
484.861	5582.32	
485.294	5484.02	
485.726	5488.7	
486.159	5863.19	
486.592	5570.62	
487.024	5711.05	
487.457	5783.61	
487.89	5725.1	
488.322	5500.41	
488.755	5533.17	
489.187	5659.56	
489.619	5615.09	
490.052	5718.08	
490.484	5877.23	
490.916	5753.18	
491.348	5764.89	
491.78	5783.61	
492.212	5657.22	
492.644	5535.51	
493.076	5853.83	
493.508	6130.01	
493.94	5807.02	
494.372	5495.72	
494.804	5640.84	
495.235	5996.6	
495.667	5933.4	
496.098	5785.95	
496.53	5687.65	
496.961	5881.91	
497.393	5741.48	
497.824	5919.36	
498.256	5739.14	
498.687	5727.44	
499.118	6071.5	
499.549	5804.67	
499.98	5472.32	
500.411	5725.1	
500.842	5839.78	
501.273	5970.85	
501.704	5551.9	
502.135	5348.27	
502.566	5179.75	
502.997	5226.56	
503.427	5362.31	
503.858	5406.78	
504.289	5603.39	
504.719	5467.64	
505.15	5711.05	
505.58	5385.72	
506.01	5324.87	
506.441	5863.19	
506.871	5668.92	
507.301	5411.46	
507.731	5462.96	
508.161	5488.7	
508.592	5467.64	
509.022	5409.12	
509.451	5388.06	
509.881	5633.82	
510.311	5561.26	
510.741	5668.92	
511.171	5395.08	
511.6	5872.55	
512.03	5441.89	
512.46	5706.37	
512.889	5638.5	
513.319	5626.79	
513.748	5505.09	
514.178	5739.14	
514.607	5675.95	
515.036	5682.97	
515.465	5767.23	
515.895	6015.32	
516.324	6057.45	
516.753	5879.57	
517.182	5608.07	
517.611	5626.79	
518.04	5736.8	
518.469	5687.65	
518.897	5682.97	
519.326	5345.93	
519.755	5130.6	
520.183	5231.24	
520.612	5114.22	
521.041	5519.13	
521.469	5477	
521.898	5748.5	
522.326	5493.38	
522.754	5303.8	
523.183	5666.58	
523.611	5331.89	
524.039	5322.52	
524.467	5484.02	
524.895	5427.85	
525.323	5542.53	
525.751	5399.76	
526.179	5100.17	
526.607	5451.25	
527.035	5390.4	
527.463	5523.81	
527.89	5488.7	
528.318	5502.75	
528.745	5289.76	
529.173	5329.55	
529.601	5083.79	
530.028	5622.11	
530.455	5451.25	
530.883	5420.83	
531.31	5640.84	
531.737	5678.29	
532.164	5395.08	
532.592	5706.37	
533.019	5659.56	
533.446	5446.57	
533.873	5713.39	
534.3	5659.56	
534.726	6106.6	
535.153	5980.22	
535.58	6027.03	
536.007	6352.36	
536.433	5980.22	
536.86	5926.38	
537.287	6101.92	
537.713	6101.92	
538.139	6055.11	
538.566	6204.91	
538.992	6207.25	
539.418	6115.97	
539.845	6073.84	
540.271	5961.49	
540.697	6261.08	
541.123	6357.04	
541.549	6745.57	
541.975	7010.05	
542.401	7272.19	
542.827	7885.41	
543.253	8257.56	
543.678	8470.55	
544.104	8877.8	
544.53	8381.6	
544.955	8430.76	
545.381	7864.35	
545.806	8180.32	
546.232	8089.04	
546.657	8580.55	
547.083	9322.5	
547.508	9727.41	
547.933	9828.06	
548.358	9633.79	
548.783	9018.23	
549.209	8788.86	
549.634	8145.21	
550.059	7726.25	
550.483	7649.02	
550.908	7756.68	
551.333	7281.55	
551.758	7330.7	
552.183	7255.81	
552.607	6974.94	
553.032	7216.02	
553.456	6907.07	
553.881	6670.67	
554.305	6764.29	
554.73	6670.67	
555.154	6565.35	
555.578	6509.18	
556.003	6303.21	
556.427	6307.89	
556.851	6307.89	
557.275	6071.5	
557.699	6310.23	
558.123	6062.13	
558.547	5952.13	
558.971	5952.13	
559.395	5998.94	
559.818	5954.47	
560.242	6387.47	
560.666	5919.36	
561.089	6204.91	
561.513	5881.91	
561.936	5982.56	
562.36	6085.54	
562.783	6197.88	
563.206	6303.21	
563.63	6090.22	
564.053	6286.83	
564.476	6385.13	
564.899	6216.61	
565.322	6525.56	
565.745	6256.4	
566.168	6115.97	
566.591	6188.52	
567.014	5945.11	
567.437	5846.8	
567.86	6005.96	
568.282	5973.19	
568.705	5949.79	
569.128	6216.61	
569.55	6125.33	
569.973	6218.95	
570.395	6282.14	
570.817	6242.36	
571.24	6118.31	
571.662	5963.83	
572.084	6043.41	
572.506	6043.41	
572.928	5975.53	
573.35	5872.55	
573.772	6024.69	
574.194	6050.43	
574.616	5797.65	
575.038	6174.48	
575.46	6137.03	
575.882	6364.06	
576.303	6539.6	
576.725	6310.23	
577.147	6218.95	
577.568	6148.73	
577.99	6176.82	
578.411	6115.97	
578.832	6240.01	
579.254	6403.85	
579.675	6420.24	
580.096	6481.09	
580.517	6563.01	
580.938	6326.61	
581.36	6474.07	
581.781	6598.12	
582.201	6445.98	
582.622	6694.08	
583.043	6944.52	
583.464	7019.41	
583.885	6972.6	
584.305	6869.62	
584.726	7059.2	
585.147	6893.02	
585.567	6822.81	
585.988	6893.02	
586.408	7173.89	
586.828	7297.94	
587.249	7396.24	
587.669	7375.17	
588.089	7185.59	
588.509	7667.74	
588.929	7688.81	
589.349	7199.63	
589.769	7337.73	
590.189	7206.66	
590.609	7405.6	
591.029	7124.74	
591.449	7120.06	
591.868	7351.77	
592.288	7627.95	
592.708	7531.99	
593.127	7443.05	
593.547	7272.19	
593.966	7686.47	
594.386	8203.72	
594.805	7843.28	
595.224	8290.32	
595.643	8039.89	
596.063	8084.36	
596.482	8028.18	
596.901	7913.5	
597.32	8021.16	
597.739	8030.52	
598.158	8110.1	
598.577	8156.91	
598.995	8529.06	
599.414	8503.31	
599.833	8742.05	
600.252	8332.45	
600.67	8730.34	
601.089	8861.41	
601.507	9100.15	
601.926	8891.84	
602.344	8908.23	
602.762	8788.86	
603.181	9036.95	
603.599	9395.06	
604.017	9359.95	
604.435	9467.61	
604.853	10085.51	
605.271	10162.75	
605.689	10080.83	
606.107	10413.19	
606.525	10724.48	
606.943	11014.71	
607.36	10904.7	
607.778	10815.76	
608.196	11468.77	
608.613	11541.33	
609.031	11536.65	
609.448	11457.07	
609.866	11693.46	
610.283	12100.72	
610.7	12543.08	
611.118	12774.79	
611.535	13535.46	
611.952	14998.3	
612.369	16910.52	
612.786	18216.54	
613.203	18946.78	
613.62	18722.09	
614.037	18368.67	
614.454	17718	
614.87	17809.28	
615.287	17579.91	
615.704	17364.58	
616.12	17596.29	
616.537	17874.82	
616.953	18387.39	
617.37	18118.23	
617.786	17767.15	
618.203	17898.22	
618.619	17872.48	
619.035	19239.35	
619.451	19538.94	
619.868	20173.22	
620.284	20674.1	
620.7	21425.41	
621.116	23274.43	
621.531	23723.82	
621.947	24798.12	
622.363	24884.72	
622.779	26001.16	
623.195	26822.69	
623.61	28297.22	
624.026	30232.85	
624.441	31953.14	
624.857	33755.35	
625.272	36250.36	
625.688	38640.05	
626.103	42148.51	
626.518	44208.18	
626.933	48180.07	
627.349	49142.03	
627.764	48772.23	
628.179	49085.86	
628.594	49750.57	
629.009	50181.23	
629.424	50513.59	
629.838	51962.38	
630.253	52690.29	
630.668	52760.5	
631.083	53968.22	
631.497	54101.63	
631.912	55353.82	
632.326	57521.15	
632.741	59667.42	
633.155	59838.28	
633.57	59838.28	
633.984	59838.28	
634.398	59838.28	
634.812	59838.28	
635.226	59838.28	
635.64	59838.28	
636.054	59838.28	
636.468	59838.28	
636.882	59838.28	
637.296	59838.28	
637.71	59838.28	
638.124	59838.28	
638.537	59838.28	
638.951	59838.28	
639.365	59838.28	
639.778	59838.28	
640.192	59838.28	
640.605	59838.28	
641.019	59838.28	
641.432	59838.28	
641.845	59838.28	
642.258	59838.28	
642.672	59838.28	
643.085	59838.28	
643.498	59838.28	
643.911	59838.28	
644.324	59838.28	
644.737	59838.28	
645.149	59838.28	
645.562	59838.28	
645.975	59838.28	
646.388	59838.28	
646.8	59838.28	
647.213	59838.28	
647.625	59838.28	
648.038	59838.28	
648.45	59838.28	
648.862	59838.28	
649.275	59838.28	
649.687	59838.28	
650.099	59838.28	
650.511	59838.28	
650.923	59838.28	
651.335	59838.28	
651.747	59838.28	
652.159	59838.28	
652.571	59838.28	
652.983	59838.28	
653.395	59838.28	
653.806	59838.28	
654.218	59838.28	
654.63	59838.28	
655.041	59838.28	
655.453	59838.28	
655.864	59838.28	
656.275	59838.28	
656.687	59838.28	
657.098	59838.28	
657.509	59838.28	
657.92	59838.28	
658.332	59838.28	
658.743	59838.28	
659.154	59838.28	
659.565	59838.28	
659.975	59838.28	
660.386	59838.28	
660.797	59838.28	
661.208	59838.28	
661.618	59838.28	
662.029	59838.28	
662.44	59838.28	
662.85	59838.28	
663.261	59838.28	
663.671	59838.28	
664.081	59838.28	
664.492	59838.28	
664.902	59838.28	
665.312	59838.28	
665.722	59838.28	
666.132	59838.28	
666.542	59838.28	
666.952	59838.28	
667.362	59838.28	
667.772	59838.28	
668.182	58476.09	
668.591	56900.91	
669.001	54684.42	
669.411	52755.82	
669.82	50733.6	
670.23	47878.14	
670.639	45301.22	
671.049	42597.9	
671.458	40645.89	
671.867	40870.58	
672.277	37518.93	
672.686	34169.63	
673.095	31737.81	
673.504	30036.24	
673.913	28491.49	
674.322	27199.51	
674.731	25130.48	
675.14	23822.12	
675.549	23204.22	
675.957	21640.74	
676.366	20610.9	
676.775	20596.86	
677.183	19892.36	
677.592	19063.81	
678	18413.14	
678.409	17158.61	
678.817	16589.86	
679.226	15651.31	
679.634	15232.35	
680.042	14059.74	
680.45	14017.61	
680.858	13514.4	
681.266	13081.4	
681.674	12372.22	
682.082	12463.5	
682.49	11740.27	
682.898	11845.6	
683.306	11136.42	
683.714	11269.83	
684.121	10654.26	
684.529	9746.14	
684.936	9427.82	
685.344	9191.43	
685.751	9261.65	
686.159	8889.5	
686.566	8182.66	
686.973	8173.3	
687.381	7627.95	
687.788	7382.2	
688.195	7403.26	
688.602	6881.32	
689.009	6750.25	
689.416	6424.92	
689.823	5966.17	
690.23	6378.11	
690.636	6460.02	
691.043	6207.25	
691.45	5697.01	
691.857	5832.76	
692.263	5598.71	
692.67	5439.55	
693.076	5275.71	
693.483	5301.46	
693.889	5196.14	
694.295	5111.88	
694.701	5135.28	
695.108	5123.58	
695.514	5046.34	
695.92	4966.76	
696.326	4648.45	
696.732	4580.57	
697.138	3688.83	
697.544	3838.62	
697.949	3606.91	
698.355	3766.07	
698.761	4021.19	
699.167	3768.41	
699.572	3843.31	
699.978	3983.74	
700.383	4072.68	
700.789	3733.3	
701.194	3452.44	
701.599	3073.27	
702.004	3082.63	
702.41	2710.49	
702.815	2591.12	
703.22	2726.87	
703.625	2556.01	
704.03	2616.87	
704.435	2806.45	
704.84	2759.64	
705.245	2799.43	
705.649	2429.62	
706.054	2258.76	
706.459	2296.21	
706.863	2403.88	
707.268	2364.09	
707.672	2511.54	
708.077	2350.04	
708.481	2209.61	
708.885	2319.62	
709.29	2249.4	
709.694	2298.55	
710.098	2279.83	
710.502	2289.19	
710.906	2146.42	
711.31	2242.38	
711.714	2127.69	
712.118	1907.68	
712.522	1818.74	
712.926	1633.84	
713.329	1762.57	
713.733	1722.78	
714.137	1912.36	
714.54	1746.19	
714.944	1781.29	
715.347	1661.93	
715.75	1558.94	
716.154	1526.18	
716.557	1271.06	
716.96	1170.41	
717.363	1322.55	
717.767	1491.07	
718.17	1100.2	
718.573	1228.93	
718.976	1137.65	
719.378	1142.33	
719.781	1029.98	
720.184	840.4	
720.587	1142.33	
720.989	1125.94	
721.392	1048.71	
721.795	1095.52	
722.197	1360	
722.6	1296.8	
723.002	1264.04	
723.404	1245.31	
723.807	1334.25	
724.209	1039.34	
724.611	1111.9	
725.013	987.85	
725.415	969.13	
725.817	1013.6	
726.219	950.4	
726.621	779.54	
727.023	835.72	
727.425	868.49	
727.826	842.74	
728.228	760.82	
728.63	482.3	
729.031	604	
729.433	671.88	
729.834	781.89	
730.236	664.86	
730.637	615.71	
731.038	756.14	
731.44	891.89	
731.841	765.5	
732.242	781.89	
732.643	765.5	
733.044	559.53	
733.445	505.7	
733.846	484.64	
734.247	479.96	
734.647	339.52	
735.048	297.39	
735.449	524.43	
735.849	578.26	
736.25	388.68	
736.65	351.23	
737.051	372.29	
737.451	313.78	
737.852	433.15	
738.252	433.15	
738.652	409.74	
739.052	227.18	
739.453	400.38	
739.853	566.56	
740.253	557.19	
740.653	522.09	
741.052	360.59	
741.452	330.16	
741.852	316.12	
742.252	330.16	
742.651	194.41	
743.051	68.02	
743.451	126.54	
743.85	278.67	
744.25	444.85	
744.649	358.25	
745.048	379.31	
745.448	208.45	
745.847	35.25	
746.246	72.7	
746.645	37.59	
747.044	2.49	
747.443	61	
747.842	44.62	
748.241	124.19	
748.64	-41.98	
749.039	140.58	
749.438	-67.73	
749.836	53.98	
750.235	131.22	
750.633	156.96	
751.032	-27.94	
751.43	2.49	
751.829	96.11	
752.227	56.32	
752.625	25.89	
753.024	46.96	
753.422	103.13	
753.82	126.54	
754.218	0.15	
754.616	161.64	
755.014	70.36	
755.412	-32.62	
755.81	86.75	
756.208	257.61	
756.605	196.75	
757.003	-58.37	
757.401	110.15	
757.798	149.94	
758.196	208.45	
758.593	89.09	
758.99	53.98	
759.388	-123.9	
759.785	-46.66	
760.182	-116.88	
760.58	105.47	
760.977	-49	
761.374	-194.12	
761.771	-154.33	
762.168	-30.28	
762.565	-201.14	
762.961	-95.82	
763.358	-126.24	
763.755	-39.64	
764.152	11.85	
764.548	-58.37	
764.945	-30.28	
765.341	-231.57	
765.738	-166.03	
766.134	-126.24	
766.53	-133.26	
766.927	-212.84	
767.323	-229.23	
767.719	-130.92	
768.115	-25.6	
768.511	-44.32	
768.907	-13.9	
769.303	11.85	
769.699	9.51	
770.095	103.13	
770.491	9.51	
770.886	-123.9	
771.282	56.32	
771.678	-88.79	
772.073	-70.07	
772.469	4.83	
772.864	-306.46	
773.26	-294.76	
773.655	-151.99	
774.05	-151.99	
774.445	-240.93	
774.841	-60.71	
775.236	-156.67	
775.631	-273.7	
776.026	-273.7	
776.421	-327.53	
776.816	-161.35	
777.21	-243.27	
777.605	-231.57	
778	-329.87	
778.395	-238.59	
778.789	-259.65	
779.184	-379.02	
779.578	-308.8	
779.973	-348.59	
780.367	-559.24	
780.761	-463.28	
781.156	-250.29	
781.55	-318.17	
781.944	-273.7	
782.338	-379.02	
782.732	-53.69	
783.126	-168.37	
783.52	14.19	
783.914	-44.32	
784.308	-203.48	
784.701	-191.78	
785.095	-247.95	
785.489	-292.42	
785.882	-327.53	
786.276	-350.93	
786.669	-320.51	
787.063	-409.45	
787.456	-460.94	
787.85	-332.21	
788.243	-390.72	
788.636	-540.52	
789.029	-514.77	
789.422	-540.52	
789.815	-503.07	
790.208	-173.05	
790.601	-210.5	
790.994	-364.98	
791.387	-510.09	
791.78	-215.18	
792.172	-348.59	
792.565	-273.7	
792.957	-425.83	
793.35	-283.06	
793.742	-308.8	
794.135	-278.38	
794.527	-334.55	
794.919	-507.75	
795.312	-339.23	
795.704	-144.97	
796.096	-276.04	
796.488	-126.24	
796.88	-367.32	
797.272	-147.31	
797.664	-184.76	
798.056	-217.52	
798.448	-367.32	
798.839	-343.91	
799.231	-243.27	
799.623	-219.86	
800.014	-49	
800.406	-259.65	
800.797	-224.55	
801.189	-201.14	
801.58	-269.02	
801.971	-105.18	
802.362	-187.1	
802.754	-196.46	
803.145	-269.02	
803.536	-196.46	
803.927	-119.22	
804.318	0.15	
804.709	23.55	
805.099	42.28	
805.49	126.54	
805.881	309.1	
806.272	327.82	
806.662	409.74	
807.053	423.78	
807.443	643.79	
807.834	580.6	
808.224	884.87	
808.614	1163.39	
809.005	1175.1	
809.395	1200.84	
809.785	1231.27	
810.175	1664.27	
810.565	1919.39	
810.955	2024.71	
811.345	2176.84	
811.735	2783.04	
812.125	3190.3	
812.515	3824.58	
812.904	3824.58	
813.294	4234.18	
813.684	4007.14	
814.073	4477.59	
814.463	4889.53	
814.852	5994.26	
815.241	7194.95	
815.631	8852.05	
816.02	11300.25	
816.409	13060.34	
816.798	15166.82	
817.187	15899.41	
817.576	16479.86	
817.965	16121.76	
818.354	15017.02	
818.743	15658.33	
819.132	14993.62	
819.521	14698.71	
819.909	15218.31	
820.298	15864.3	
820.686	17125.85	
821.075	18469.31	
821.463	19894.7	
821.852	19962.58	
822.24	20065.56	
822.628	21055.61	
823.017	20969.01	
823.405	21575.2	
823.793	21486.26	
824.181	21139.86	
824.569	20414.3	
824.957	23108.26	
825.345	23417.21	
825.733	23194.86	
826.12	25825.62	
826.508	24545.34	
826.896	23709.77	
827.283	23695.73	
827.671	23342.31	
828.059	24947.92	
828.446	22335.88	
828.833	21998.84	
829.221	22951.44	
829.608	22839.09	
829.995	21451.16	
830.382	22672.92	
830.769	21713.3	
831.156	21493.29	
831.543	20168.54	
831.93	20325.36	
832.317	21409.03	
832.704	22441.2	
833.091	20631.97	
833.477	19627.88	
833.864	18382.71	
834.251	18806.35	
834.637	19220.63	
835.024	18642.51	
835.41	17280.32	
835.796	16704.55	
836.183	16404.96	
836.569	15077.88	
836.955	14726.8	
837.341	14438.91	
837.727	13149.28	
838.113	12072.63	
838.499	10703.42	
838.885	9835.08	
839.271	8875.46	
839.657	8072.65	
840.043	7922.86	
840.428	7513.27	
840.814	6588.75	
841.199	5771.91	
841.585	5055.7	
841.97	4695.26	
842.356	4140.55	
842.741	3302.64	
843.126	2464.73	
843.512	1741.5	
843.897	952.74	
844.282	604	
844.667	203.77	
845.052	51.64	
845.437	61	
845.822	-189.44	
846.206	-123.9	
846.591	-184.76	
846.976	-11.56	
847.361	-105.18	
847.745	-147.31	
848.13	-414.13	
848.514	-308.8	
848.899	-456.26	
849.283	-446.9	
849.667	-580.31	
850.051	-540.52	
850.436	-500.73	
850.82	-486.69	
851.204	-524.13	
851.588	-486.69	
851.972	-538.18	
852.356	-348.59	
852.74	-383.7	
853.123	-290.08	
853.507	-285.4	
853.891	-404.77	
854.274	-573.28	
854.658	-491.37	
855.041	-636.48	
855.425	-563.92	
855.808	-582.65	
856.192	-479.66	
856.575	-517.11	
856.958	-542.86	
857.341	-629.46	
857.724	-568.6	
858.107	-620.1	
858.49	-685.63	
858.873	-580.31	
859.256	-470.3	
859.639	-716.06	
860.022	-718.4	
860.404	-718.4	
860.787	-692.65	
861.17	-723.08	
861.552	-793.3	
861.935	-734.78	
862.317	-795.64	
862.699	-842.45	
863.082	-723.08	
863.464	-683.29	
863.846	-723.08	
864.228	-819.04	
864.61	-758.19	
864.992	-666.91	
865.374	-776.91	
865.756	-807.34	
866.138	-755.85	
866.52	-851.81	
866.902	-610.73	
867.283	-669.25	
867.665	-797.98	
868.046	-790.95	
868.428	-781.59	
868.809	-783.93	
869.191	-746.48	
869.572	-774.57	
869.953	-872.87	
870.335	-905.64	
870.716	-898.62	
871.097	-912.66	
871.478	-912.66	
871.859	-882.24	
872.24	-936.07	
872.621	-893.94	
873.001	-966.49	
873.382	-826.06	
873.763	-924.37	
874.143	-964.15	
874.524	-849.47	
874.905	-844.79	
875.285	-975.86	
875.665	-1067.14	
876.046	-1039.05	
876.426	-968.84	
876.806	-1032.03	
877.186	-971.18	
877.567	-917.34	
877.947	-1067.14	
878.327	-1120.97	
878.707	-985.22	
879.086	-1118.63	
879.466	-1053.09	
879.846	-907.98	
880.226	-1020.33	
880.605	-727.76	
880.985	-900.96	
881.365	-872.87	
881.744	-992.24	
882.124	-1010.97	
882.503	-889.26	
882.882	-905.64	
883.261	-1027.35	
883.641	-1010.97	
884.02	-950.11	
884.399	-898.62	
884.778	-940.75	
885.157	-917.34	
885.536	-1053.09	
885.915	-840.11	
886.293	-814.36	
886.672	-882.24	
887.051	-842.45	
887.429	-699.67	
887.808	-776.91	
888.186	-823.72	
888.565	-793.3	
888.943	-786.27	
889.322	-926.71	
889.7	-851.81	
890.078	-772.23	
890.456	-926.71	
890.834	-879.9	
891.212	-734.78	
891.59	-697.33	
891.968	-694.99	
892.346	-524.13	
892.724	-716.06	
893.102	-737.12	
893.479	-634.14	
893.857	-662.23	
894.235	-898.62	
894.612	-732.44	
894.99	-809.68	
895.367	-772.23	
895.744	-884.58	
896.122	-917.34	
896.499	-910.32	
896.876	-863.51	
897.253	-769.89	
897.63	-891.6	
898.007	-893.94	
898.384	-793.3	
898.761	-816.7	
899.138	-872.87	
899.515	-872.87	
899.891	-699.67	
900.268	-973.52	
900.645	-774.57	
901.021	-929.05	
901.398	-961.81	
901.774	-781.59	
902.15	-1001.6	
902.527	-987.56	
902.903	-896.28	
903.279	-973.52	
903.655	-961.81	
904.031	-893.94	
904.407	-849.47	
904.783	-893.94	
905.159	-856.49	
905.535	-758.19	
905.911	-844.79	
906.287	-856.49	
906.662	-765.21	
907.038	-872.87	
907.413	-1025.01	
907.789	-896.28	
908.164	-802.66	
908.54	-936.07	
908.915	-868.19	
909.29	-793.3	
909.666	-697.33	
910.041	-917.34	
910.416	-842.45	
910.791	-833.08	
911.166	-898.62	
911.541	-882.24	
911.916	-879.9	
912.29	-851.81	
912.665	-893.94	
913.04	-748.83	
913.414	-900.96	
913.789	-959.47	
914.163	-922.02	
914.538	-966.49	
914.912	-1071.82	
915.287	-1106.93	
915.661	-1013.31	
916.035	-985.22	
916.409	-971.18	
916.783	-1092.88	
917.157	-863.51	
917.531	-1022.67	
917.905	-943.09	
918.279	-893.94	
918.653	-996.92	
919.027	-924.37	
919.4	-985.22	
919.774	-898.62	
920.148	-1041.39	
920.521	-723.08	
920.895	-819.04	
921.268	-882.24	
921.641	-776.91	
922.015	-891.6	
922.388	-783.93	
922.761	-816.7	
923.134	-1003.94	
923.507	-884.58	
923.88	-826.06	
924.253	-884.58	
924.626	-1027.35	
924.999	-999.26	
925.372	-1078.84	
925.744	-1092.88	
926.117	-994.58	
926.489	-1006.28	
926.862	-1146.72	
927.234	-1088.2	
927.607	-1006.28	
927.979	-1008.62	
928.352	-924.37	
928.724	-985.22	
929.096	-868.19	
929.468	-929.05	
929.84	-1020.33	
930.212	-968.84	
930.584	-905.64	
930.956	-861.17	
931.328	-807.34	
931.7	-870.53	
932.071	-826.06	
932.443	-809.68	
932.814	-889.26	
933.186	-765.21	
933.557	-837.77	
933.929	-910.32	
934.3	-802.66	
934.672	-847.13	
935.043	-767.55	
935.414	-910.32	
935.785	-769.89	
936.156	-739.46	
936.527	-886.92	
936.898	-762.87	
937.269	-751.17	
937.64	-690.31	
938.011	-767.55	
938.381	-917.34	
938.752	-943.09	
939.123	-779.25	
939.493	-809.68	
939.864	-772.23	
940.234	-823.72	
940.604	-819.04	
940.975	-863.51	
941.345	-727.76	
941.715	-882.24	
942.085	-823.72	
942.455	-844.79	
942.825	-769.89	
943.195	-730.1	
943.565	-774.57	
943.935	-828.4	
944.305	-900.96	
944.675	-718.4	
945.044	-659.88	
945.414	-898.62	
945.783	-844.79	
946.153	-877.55	
946.522	-702.01	
946.892	-788.61	
947.261	-851.81	
947.63	-812.02	
947.999	-767.55	
948.369	-842.45	
948.738	-657.54	
949.107	-800.32	
949.476	-697.33	
949.844	-744.14	
950.213	-805	
950.582	-652.86	
950.951	-769.89	
951.319	-685.63	
951.688	-699.67	
952.057	-725.42	
952.425	-702.01	
952.794	-694.99	
953.162	-788.61	
953.53	-711.38	
953.898	-718.4	
954.267	-702.01	
954.635	-694.99	
955.003	-788.61	
955.371	-622.44	
955.739	-631.8	
956.107	-645.84	
956.475	-657.54	
956.842	-746.48	
957.21	-680.95	
957.578	-596.69	
957.945	-650.52	
958.313	-709.04	
958.68	-655.2	
959.048	-482	
959.415	-692.65	
959.783	-657.54	
960.15	-716.06	
960.517	-589.67	
960.884	-634.14	
961.251	-706.7	
961.618	-610.73	
961.985	-577.97	
962.352	-711.38	
962.719	-533.5	
963.086	-568.6	
963.452	-596.69	
963.819	-622.44	
964.186	-683.29	
964.552	-463.28	
964.919	-655.2	
965.285	-725.42	
965.652	-587.33	
966.018	-552.22	
966.384	-535.84	
966.75	-575.63	
967.116	-451.58	
967.482	-641.16	
967.848	-496.05	
968.214	-498.39	
968.58	-563.92	
968.946	-503.07	
969.312	-395.4	
969.678	-346.25	
970.043	-460.94	
970.409	-456.26	
970.774	-505.41	
971.14	-479.66	
971.505	-528.81	
971.871	-493.71	
972.236	-416.47	
972.601	-308.8	
972.967	-437.53	
973.332	-362.64	
973.697	-533.5	
974.062	-442.21	
974.427	-482	
974.792	-402.43	
975.156	-393.06	
975.521	-435.19	
975.886	-325.19	
976.251	-386.04	
976.615	-444.56	
976.98	-332.21	
977.344	-367.32	
977.709	-355.62	
978.073	-269.02	
978.437	-240.93	
978.802	-348.59	
979.166	-386.04	
979.53	-140.29	
979.894	-266.67	
980.258	-182.42	
980.622	-390.72	
980.986	-357.96	
981.35	-299.44	
981.713	-320.51	
982.077	-306.46	
982.441	-299.44	
982.804	-273.7	
983.168	-261.99	
983.531	-217.52	
983.895	-238.59	
984.258	-243.27	
984.621	-189.44	
984.985	-168.37	
985.348	-264.33	
985.711	-240.93	
986.074	-74.75	
986.437	-6.88	
986.8	-74.75	
987.163	-16.24	
987.526	-182.42	
987.888	79.72	
988.251	-116.88	
988.614	-88.79	
988.976	-163.69	
989.339	-72.41	
989.701	-119.22	
990.064	-34.96	
990.426	-67.73	
990.788	7.17	
991.151	-60.71	
991.513	-18.58	
991.875	-144.97	
992.237	-161.35	
992.599	72.7	
992.961	-91.13	
993.323	-27.94	
993.685	-53.69	
994.046	-2.19	
994.408	2.49	
994.77	4.83	
995.131	107.81	
995.493	28.23	
995.854	161.64	
996.216	56.32	
996.577	82.07	
996.938	156.96	
997.299	75.04	
997.661	18.87	
998.022	168.66	
998.383	68.02	
998.744	68.02	
999.105	-93.48	
999.465	-56.03	
999.826	42.28	
1000.187	-51.35	
1000.548	93.77	
1000.908	-121.56	
1001.269	149.94	
1001.629	-72.41	
1001.99	-6.88	
1002.35	42.28	
1002.711	-187.1	
1003.071	-79.43	
1003.431	23.55	
1003.791	28.23	
1004.151	208.45	
1004.511	46.96	
1004.871	114.83	
1005.231	231.86	
1005.591	103.13	
1005.951	-37.3	
1006.311	70.36	
1006.67	173.35	
1007.03	72.7	
1007.389	154.62	
1007.749	-56.03	
1008.108	217.82	
1008.468	100.79	
1008.827	199.09	
1009.186	171.01	
1009.545	210.79	
1009.905	79.72	
1010.264	86.75	
1010.623	14.19	
1010.982	215.48	
1011.341	53.98	
1011.699	213.14	
1012.058	65.68	
1012.417	255.26	
1012.776	-32.62	
1013.134	58.66	
1013.493	138.24	
1013.851	42.28	
1014.21	51.64	
1014.568	77.38	
1014.926	75.04	
1015.284	-20.92	
1015.643	152.28	
1016.001	86.75	
1016.359	107.81	
1016.717	163.98	
1017.075	231.86	
1017.433	126.54	
1017.79	215.48	
1018.148	53.98	
1018.506	63.34	
1018.864	58.66	
1019.221	-72.41	
1019.579	14.19	
1019.936	35.25	
1020.294	-91.13	
1020.651	-51.35	
1021.008	145.26	
1021.365	58.66	
1021.723	156.96	
1022.08	-74.75	
1022.437	58.66	
1022.794	124.19	
1023.151	182.71	
1023.507	138.24	
1023.864	89.09	
1024.221	192.07	
1024.578	196.75	
1024.934	208.45	
1025.291	185.05	
1025.647	124.19	
1026.004	100.79	
1026.36	79.72	
1026.717	135.9	
1027.073	124.19	
1027.429	192.07	
1027.785	114.83	
1028.141	138.24	
1028.497	63.34	
1028.853	98.45	
1029.209	138.24	
1029.565	266.97	
1029.921	49.3	
1030.277	119.51	
1030.632	133.56	
1030.988	68.02	
1031.343	199.09	
1031.699	93.77	
1032.054	93.77	
1032.41	93.77	
