FLMS05996_1:101		
187.658	-41.54	
188.124	-41.54	
188.589	-41.54	
189.055	-76.65	
189.521	-71.97	
189.987	-50.91	
190.452	-90.7	
190.918	-69.63	
191.384	-60.27	
191.849	-20.48	
192.314	-18.14	
192.78	-67.29	
193.245	-27.5	
193.711	-4.1	
194.176	14.63	
194.641	-43.89	
195.106	56.76	
195.571	96.55	
196.037	9.95	
196.502	108.25	
196.967	166.76	
197.431	162.08	
197.896	124.63	
198.361	218.25	
198.826	229.96	
199.291	225.28	
199.755	302.51	
200.22	283.79	
200.685	232.3	
201.149	192.51	
201.614	162.08	
202.078	316.56	
202.543	316.56	
203.007	225.28	
203.471	239.32	
203.936	316.56	
204.4	328.26	
204.864	309.54	
205.328	269.75	
205.792	379.75	
206.256	309.54	
206.72	269.75	
207.184	279.11	
207.648	281.45	
208.112	323.58	
208.576	307.2	
209.039	267.41	
209.503	290.81	
209.967	302.51	
210.43	258.04	
210.894	286.13	
211.357	286.13	
211.821	265.07	
212.284	227.62	
212.747	281.45	
213.211	309.54	
213.674	281.45	
214.137	227.62	
214.6	293.15	
215.063	316.56	
215.526	227.62	
215.989	288.47	
216.452	330.6	
216.915	274.43	
217.378	253.36	
217.841	274.43	
218.304	300.17	
218.767	321.24	
219.229	269.75	
219.692	335.28	
220.154	297.83	
220.617	311.88	
221.079	251.02	
221.542	220.6	
222.004	267.41	
222.467	295.49	
222.929	269.75	
223.391	253.36	
223.853	262.73	
224.315	300.17	
224.777	234.64	
225.239	323.58	
225.701	255.7	
226.163	325.92	
226.625	185.49	
227.087	302.51	
227.549	342.3	
228.011	302.51	
228.472	206.55	
228.934	309.54	
229.396	241.66	
229.857	276.77	
230.319	344.64	
230.78	288.47	
231.242	283.79	
231.703	318.9	
232.164	332.94	
232.626	272.09	
233.087	272.09	
233.548	213.57	
234.009	279.11	
234.47	267.41	
234.931	311.88	
235.392	297.83	
235.853	253.36	
236.314	332.94	
236.775	234.64	
237.235	358.69	
237.696	262.73	
238.157	400.82	
238.618	290.81	
239.078	279.11	
239.539	307.2	
239.999	288.47	
240.46	286.13	
240.92	246.34	
241.38	267.41	
241.841	258.04	
242.301	281.45	
242.761	290.81	
243.221	274.43	
243.681	225.28	
244.141	267.41	
244.601	260.38	
245.061	344.64	
245.521	339.96	
245.981	344.64	
246.441	220.6	
246.901	258.04	
247.36	244	
247.82	297.83	
248.28	276.77	
248.739	300.17	
249.199	220.6	
249.658	283.79	
250.117	286.13	
250.577	290.81	
251.036	241.66	
251.495	225.28	
251.955	283.79	
252.414	234.64	
252.873	335.28	
253.332	267.41	
253.791	218.25	
254.25	354.01	
254.709	204.21	
255.168	323.58	
255.627	229.96	
256.085	246.34	
256.544	253.36	
257.003	267.41	
257.461	314.22	
257.92	272.09	
258.379	321.24	
258.837	218.25	
259.295	253.36	
259.754	276.77	
260.212	307.2	
260.67	260.38	
261.129	316.56	
261.587	260.38	
262.045	290.81	
262.503	267.41	
262.961	323.58	
263.419	276.77	
263.877	281.45	
264.335	302.51	
264.793	300.17	
265.251	332.94	
265.708	253.36	
266.166	325.92	
266.624	279.11	
267.081	283.79	
267.539	332.94	
267.996	330.6	
268.454	314.22	
268.911	304.85	
269.369	311.88	
269.826	314.22	
270.283	335.28	
270.74	286.13	
271.198	346.98	
271.655	255.7	
272.112	314.22	
272.569	328.26	
273.026	272.09	
273.483	288.47	
273.94	307.2	
274.396	258.04	
274.853	222.94	
275.31	344.64	
275.767	290.81	
276.223	304.85	
276.68	262.73	
277.136	337.62	
277.593	300.17	
278.049	269.75	
278.506	323.58	
278.962	339.96	
279.418	368.05	
279.874	265.07	
280.331	328.26	
280.787	314.22	
281.243	288.47	
281.699	344.64	
282.155	321.24	
282.611	293.15	
283.067	337.62	
283.522	253.36	
283.978	267.41	
284.434	232.3	
284.89	349.32	
285.345	293.15	
285.801	325.92	
286.256	318.9	
286.712	314.22	
287.167	368.05	
287.623	251.02	
288.078	267.41	
288.533	335.28	
288.989	290.81	
289.444	325.92	
289.899	314.22	
290.354	281.45	
290.809	342.3	
291.264	232.3	
291.719	267.41	
292.174	304.85	
292.629	316.56	
293.084	389.11	
293.538	290.81	
293.993	342.3	
294.448	276.77	
294.902	309.54	
295.357	351.67	
295.811	368.05	
296.266	309.54	
296.72	332.94	
297.174	269.75	
297.629	361.03	
298.083	386.77	
298.537	335.28	
298.991	332.94	
299.446	384.43	
299.9	365.71	
300.354	377.41	
300.808	318.9	
301.261	421.88	
301.715	363.37	
302.169	349.32	
302.623	368.05	
303.077	321.24	
303.53	438.27	
303.984	393.8	
304.437	386.77	
304.891	405.5	
305.344	358.69	
305.798	332.94	
306.251	424.22	
306.704	386.77	
307.158	410.18	
307.611	428.9	
308.064	398.48	
308.517	433.58	
308.97	442.95	
309.423	515.5	
309.876	482.74	
310.329	510.82	
310.782	414.86	
311.235	442.95	
311.688	466.35	
312.14	403.16	
312.593	487.42	
313.046	438.27	
313.498	494.44	
313.951	543.59	
314.403	517.84	
314.856	456.99	
315.308	468.69	
315.76	510.82	
316.213	564.65	
316.665	545.93	
317.117	552.95	
317.569	597.42	
318.021	576.36	
318.473	531.89	
318.925	541.25	
319.377	625.51	
319.829	557.63	
320.281	613.81	
320.733	609.12	
321.184	623.17	
321.636	590.4	
322.088	552.95	
322.539	627.85	
322.991	611.46	
323.442	651.25	
323.894	583.38	
324.345	559.97	
324.796	611.46	
325.248	564.65	
325.699	651.25	
326.15	616.15	
326.601	637.21	
327.052	625.51	
327.503	634.87	
327.954	641.89	
328.405	679.34	
328.856	658.28	
329.307	693.38	
329.758	712.11	
330.208	693.38	
330.659	651.25	
331.11	723.81	
331.56	691.04	
332.011	751.9	
332.461	728.49	
332.912	665.3	
333.362	709.77	
333.813	702.75	
334.263	737.85	
334.713	679.34	
335.163	733.17	
335.613	740.19	
336.063	803.39	
336.513	730.83	
336.963	721.47	
337.413	695.72	
337.863	709.77	
338.313	693.38	
338.763	691.04	
339.213	737.85	
339.662	756.58	
340.112	712.11	
340.562	728.49	
341.011	758.92	
341.461	735.51	
341.91	754.24	
342.359	737.85	
342.809	782.32	
343.258	709.77	
343.707	716.79	
344.156	772.96	
344.606	768.28	
345.055	777.64	
345.504	772.96	
345.953	702.75	
346.402	824.45	
346.85	798.71	
347.299	747.22	
347.748	698.06	
348.197	714.45	
348.645	719.13	
349.094	742.53	
349.543	829.13	
349.991	763.6	
350.44	779.98	
350.888	726.15	
351.336	747.22	
351.785	758.92	
352.233	744.88	
352.681	723.81	
353.13	684.02	
353.578	758.92	
354.026	751.9	
354.474	726.15	
354.922	756.58	
355.37	667.64	
355.818	686.36	
356.265	630.19	
356.713	782.32	
357.161	772.96	
357.609	737.85	
358.056	836.16	
358.504	677	
358.951	688.7	
359.399	641.89	
359.846	758.92	
360.294	808.07	
360.741	705.09	
361.188	665.3	
361.635	768.28	
362.083	733.17	
362.53	662.96	
362.977	723.81	
363.424	784.66	
363.871	695.72	
364.318	737.85	
364.765	801.05	
365.211	705.09	
365.658	707.43	
366.105	756.58	
366.552	716.79	
366.998	754.24	
367.445	765.94	
367.891	698.06	
368.338	735.51	
368.784	749.56	
369.231	772.96	
369.677	796.37	
370.123	698.06	
370.569	763.6	
371.016	723.81	
371.462	693.38	
371.908	751.9	
372.354	735.51	
372.8	721.47	
373.246	737.85	
373.692	700.41	
374.137	691.04	
374.583	740.19	
375.029	742.53	
375.475	684.02	
375.92	758.92	
376.366	716.79	
376.811	705.09	
377.257	695.72	
377.702	677	
378.147	667.64	
378.593	669.98	
379.038	723.81	
379.483	681.68	
379.928	737.85	
380.374	742.53	
380.819	749.56	
381.264	728.49	
381.709	688.7	
382.153	726.15	
382.598	695.72	
383.043	644.23	
383.488	655.94	
383.933	726.15	
384.377	651.25	
384.822	728.49	
385.266	660.62	
385.711	630.19	
386.155	641.89	
386.6	674.66	
387.044	665.3	
387.488	754.24	
387.933	751.9	
388.377	782.32	
388.821	770.62	
389.265	737.85	
389.709	712.11	
390.153	658.28	
390.597	698.06	
391.041	695.72	
391.485	679.34	
391.929	634.87	
392.372	662.96	
392.816	627.85	
393.26	634.87	
393.703	604.44	
394.147	684.02	
394.59	613.81	
395.034	705.09	
395.477	566.99	
395.921	655.94	
396.364	634.87	
396.807	618.49	
397.25	695.72	
397.693	590.4	
398.137	634.87	
398.58	623.17	
399.023	606.78	
399.466	700.41	
399.908	639.55	
400.351	665.3	
400.794	730.83	
401.237	651.25	
401.679	655.94	
402.122	597.42	
402.565	728.49	
403.007	648.91	
403.45	646.57	
403.892	630.19	
404.334	674.66	
404.777	632.53	
405.219	681.68	
405.661	681.68	
406.103	700.41	
406.546	747.22	
406.988	684.02	
407.43	707.43	
407.872	716.79	
408.314	688.7	
408.755	782.32	
409.197	761.26	
409.639	791.69	
410.081	679.34	
410.522	716.79	
410.964	641.89	
411.406	723.81	
411.847	688.7	
412.289	730.83	
412.73	730.83	
413.171	763.6	
413.613	700.41	
414.054	684.02	
414.495	625.51	
414.936	653.59	
415.377	744.88	
415.818	665.3	
416.259	723.81	
416.7	669.98	
417.141	684.02	
417.582	702.75	
418.023	709.77	
418.464	817.43	
418.904	772.96	
419.345	770.62	
419.786	873.6	
420.226	866.58	
420.667	798.71	
421.107	754.24	
421.547	761.26	
421.988	756.58	
422.428	758.92	
422.868	742.53	
423.308	801.05	
423.749	742.53	
424.189	758.92	
424.629	705.09	
425.069	662.96	
425.509	660.62	
425.949	644.23	
426.388	686.36	
426.828	648.91	
427.268	721.47	
427.708	674.66	
428.147	702.75	
428.587	672.32	
429.026	644.23	
429.466	677	
429.905	630.19	
430.344	658.28	
430.784	641.89	
431.223	669.98	
431.662	634.87	
432.101	625.51	
432.541	667.64	
432.98	721.47	
433.419	684.02	
433.858	646.57	
434.296	763.6	
434.735	700.41	
435.174	700.41	
435.613	822.11	
436.052	915.73	
436.49	801.05	
436.929	744.88	
437.367	712.11	
437.806	712.11	
438.244	660.62	
438.683	595.08	
439.121	674.66	
439.559	616.15	
439.998	644.23	
440.436	632.53	
440.874	669.98	
441.312	672.32	
441.75	702.75	
442.188	679.34	
442.626	735.51	
443.064	763.6	
443.502	702.75	
443.939	756.58	
444.377	726.15	
444.815	707.43	
445.253	693.38	
445.69	705.09	
446.128	824.45	
446.565	712.11	
447.002	829.13	
447.44	756.58	
447.877	789.35	
448.314	709.77	
448.752	789.35	
449.189	721.47	
449.626	749.56	
450.063	672.32	
450.5	665.3	
450.937	686.36	
451.374	784.66	
451.811	761.26	
452.248	702.75	
452.684	784.66	
453.121	775.3	
453.558	815.09	
453.994	751.9	
454.431	662.96	
454.867	735.51	
455.304	772.96	
455.74	756.58	
456.176	779.98	
456.613	772.96	
457.049	782.32	
457.485	740.19	
457.921	749.56	
458.357	775.3	
458.793	758.92	
459.229	838.5	
459.665	906.37	
460.101	798.71	
460.537	749.56	
460.973	779.98	
461.408	768.28	
461.844	702.75	
462.28	761.26	
462.715	784.66	
463.151	639.55	
463.586	850.2	
464.022	789.35	
464.457	897.01	
464.892	922.76	
465.328	995.31	
465.763	960.2	
466.198	845.52	
466.633	861.9	
467.068	787.01	
467.503	794.03	
467.938	805.73	
468.373	836.16	
468.808	784.66	
469.243	836.16	
469.677	843.18	
470.112	925.1	
470.547	803.39	
470.981	833.82	
471.416	836.16	
471.85	761.26	
472.285	735.51	
472.719	833.82	
473.153	840.84	
473.588	747.22	
474.022	906.37	
474.456	852.54	
474.89	789.35	
475.324	824.45	
475.758	810.41	
476.192	796.37	
476.626	784.66	
477.06	859.56	
477.494	761.26	
477.928	730.83	
478.361	761.26	
478.795	880.63	
479.229	833.82	
479.662	836.16	
480.096	812.75	
480.529	957.86	
480.962	878.29	
481.396	925.1	
481.829	822.11	
482.262	908.71	
482.695	878.29	
483.129	946.16	
483.562	875.95	
483.995	894.67	
484.428	906.37	
484.861	913.39	
485.294	915.73	
485.726	908.71	
486.159	1016.38	
486.592	1311.29	
487.024	1732.58	
487.457	2308.35	
487.89	2891.15	
488.322	3033.92	
488.755	2980.09	
489.187	2174.94	
489.619	1587.47	
490.052	1301.92	
490.484	1121.7	
490.916	976.59	
491.348	990.63	
491.78	1007.02	
492.212	920.42	
492.644	904.03	
493.076	953.18	
493.508	992.97	
493.94	932.12	
494.372	1004.67	
494.804	1180.22	
495.235	1184.9	
495.667	1163.83	
496.098	1128.72	
496.53	1135.74	
496.961	976.59	
497.393	969.57	
497.824	1014.04	
498.256	941.48	
498.687	971.91	
499.118	999.99	
499.549	1011.7	
499.98	934.46	
500.411	922.76	
500.842	857.22	
501.273	918.08	
501.704	1023.4	
502.135	983.61	
502.566	992.97	
502.997	1021.06	
503.427	1060.85	
503.858	1028.08	
504.289	1032.76	
504.719	957.86	
505.15	948.5	
505.58	887.65	
506.01	932.12	
506.441	911.05	
506.871	957.86	
507.301	939.14	
507.731	950.84	
508.161	927.44	
508.592	878.29	
509.022	953.18	
509.451	976.59	
509.881	899.35	
510.311	925.1	
510.741	941.48	
511.171	904.03	
511.6	915.73	
512.03	854.88	
512.46	964.89	
512.889	936.8	
513.319	894.67	
513.748	843.18	
514.178	967.23	
514.607	803.39	
515.036	887.65	
515.465	857.22	
515.895	892.33	
516.324	859.56	
516.753	866.58	
517.182	885.31	
517.611	861.9	
518.04	850.2	
518.469	880.63	
518.897	843.18	
519.326	932.12	
519.755	911.05	
520.183	810.41	
520.612	850.2	
521.041	817.43	
521.469	913.39	
521.898	887.65	
522.326	801.05	
522.754	894.67	
523.183	845.52	
523.611	918.08	
524.039	955.52	
524.467	894.67	
524.895	913.39	
525.323	859.56	
525.751	836.16	
526.179	817.43	
526.607	932.12	
527.035	904.03	
527.463	861.9	
527.89	943.82	
528.318	873.6	
528.745	889.99	
529.173	880.63	
529.601	878.29	
530.028	852.54	
530.455	911.05	
530.883	901.69	
531.31	1014.04	
531.737	904.03	
532.164	882.97	
532.592	906.37	
533.019	878.29	
533.446	878.29	
533.873	819.77	
534.3	915.73	
534.726	838.5	
535.153	819.77	
535.58	885.31	
536.007	815.09	
536.433	866.58	
536.86	833.82	
537.287	824.45	
537.713	801.05	
538.139	901.69	
538.566	857.22	
538.992	840.84	
539.418	864.24	
539.845	824.45	
540.271	831.48	
540.697	824.45	
541.123	894.67	
541.549	836.16	
541.975	915.73	
542.401	871.26	
542.827	868.92	
543.253	871.26	
543.678	920.42	
544.104	880.63	
544.53	948.5	
544.955	833.82	
545.381	887.65	
545.806	798.71	
546.232	765.94	
546.657	845.52	
547.083	789.35	
547.508	777.64	
547.933	784.66	
548.358	749.56	
548.783	817.43	
549.209	822.11	
549.634	751.9	
550.059	843.18	
550.483	794.03	
550.908	794.03	
551.333	838.5	
551.758	850.2	
552.183	850.2	
552.607	857.22	
553.032	768.28	
553.456	857.22	
553.881	805.73	
554.305	861.9	
554.73	875.95	
555.154	892.33	
555.578	829.13	
556.003	812.75	
556.427	836.16	
556.851	838.5	
557.275	747.22	
557.699	721.47	
558.123	796.37	
558.547	911.05	
558.971	843.18	
559.395	787.01	
559.818	770.62	
560.242	822.11	
560.666	719.13	
561.089	723.81	
561.513	779.98	
561.936	808.07	
562.36	763.6	
562.783	758.92	
563.206	803.39	
563.63	882.97	
564.053	826.79	
564.476	805.73	
564.899	794.03	
565.322	758.92	
565.745	705.09	
566.168	761.26	
566.591	836.16	
567.014	758.92	
567.437	840.84	
567.86	756.58	
568.282	733.17	
568.705	864.24	
569.128	798.71	
569.55	782.32	
569.973	829.13	
570.395	845.52	
570.817	915.73	
571.24	868.92	
571.662	932.12	
572.084	927.44	
572.506	878.29	
572.928	847.86	
573.35	833.82	
573.772	819.77	
574.194	887.65	
574.616	843.18	
575.038	927.44	
575.46	1009.36	
575.882	992.97	
576.303	936.8	
576.725	897.01	
577.147	887.65	
577.568	871.26	
577.99	943.82	
578.411	934.46	
578.832	1025.74	
579.254	885.31	
579.675	957.86	
580.096	1039.78	
580.517	1039.78	
580.938	1007.02	
581.36	988.29	
581.781	957.86	
582.201	1060.85	
582.622	1004.67	
583.043	1030.42	
583.464	1114.68	
583.885	1201.28	
584.305	1093.62	
584.726	1079.57	
585.147	995.31	
585.567	995.31	
585.988	995.31	
586.408	866.58	
586.828	892.33	
587.249	817.43	
587.669	882.97	
588.089	878.29	
588.509	880.63	
588.929	934.46	
589.349	934.46	
589.769	934.46	
590.189	1072.55	
590.609	981.27	
591.029	1077.23	
591.449	922.76	
591.868	866.58	
592.288	861.9	
592.708	796.37	
593.127	845.52	
593.547	885.31	
593.966	936.8	
594.386	1014.04	
594.805	990.63	
595.224	1088.93	
595.643	1128.72	
596.063	1079.57	
596.482	1042.12	
596.901	1072.55	
597.32	1037.44	
597.739	992.97	
598.158	943.82	
598.577	1004.67	
598.995	988.29	
599.414	1095.96	
599.833	1023.4	
600.252	1138.09	
600.67	995.31	
601.089	964.89	
601.507	957.86	
601.926	887.65	
602.344	885.31	
602.762	943.82	
603.181	957.86	
603.599	1163.83	
604.017	1133.4	
604.435	1264.47	
604.853	1278.52	
605.271	1224.69	
605.689	1201.28	
606.107	1032.76	
606.525	925.1	
606.943	936.8	
607.36	908.71	
607.778	878.29	
608.196	906.37	
608.613	960.2	
609.031	995.31	
609.448	1004.67	
609.866	1039.78	
610.283	1058.51	
610.7	1119.36	
611.118	1028.08	
611.535	934.46	
611.952	897.01	
612.369	794.03	
612.786	838.5	
613.203	791.69	
613.62	824.45	
614.037	922.76	
614.454	847.86	
614.87	927.44	
615.287	988.29	
615.704	864.24	
616.12	927.44	
616.537	768.28	
616.953	742.53	
617.37	726.15	
617.786	737.85	
618.203	775.3	
618.619	719.13	
619.035	691.04	
619.451	758.92	
619.868	763.6	
620.284	801.05	
620.7	829.13	
621.116	758.92	
621.531	808.07	
621.947	730.83	
622.363	824.45	
622.779	744.88	
623.195	751.9	
623.61	695.72	
624.026	705.09	
624.441	733.17	
624.857	819.77	
625.272	864.24	
625.688	794.03	
626.103	714.45	
626.518	700.41	
626.933	679.34	
627.349	616.15	
627.764	543.59	
628.179	564.65	
628.594	566.99	
629.009	609.12	
629.424	599.76	
629.838	625.51	
630.253	700.41	
630.668	595.08	
631.083	569.34	
631.497	648.91	
631.912	595.08	
632.326	581.04	
632.741	627.85	
633.155	566.99	
633.57	611.46	
633.984	623.17	
634.398	620.83	
634.812	709.77	
635.226	641.89	
635.64	709.77	
636.054	618.49	
636.468	559.97	
636.882	641.89	
637.296	548.27	
637.71	506.14	
638.124	461.67	
638.537	552.95	
638.951	543.59	
639.365	576.36	
639.778	559.97	
640.192	545.93	
640.605	541.25	
641.019	574.02	
641.432	538.91	
641.845	552.95	
642.258	480.39	
642.672	440.61	
643.085	559.97	
643.498	538.91	
643.911	466.35	
644.324	499.12	
644.737	447.63	
645.149	529.55	
645.562	459.33	
645.975	487.42	
646.388	485.08	
646.8	473.37	
647.213	501.46	
647.625	382.09	
648.038	452.31	
648.45	548.27	
648.862	501.46	
649.275	543.59	
649.687	468.69	
650.099	485.08	
650.511	464.01	
650.923	464.01	
651.335	489.76	
651.747	513.16	
652.159	445.29	
652.571	473.37	
652.983	492.1	
653.395	466.35	
653.806	478.05	
654.218	543.59	
654.63	506.14	
655.041	454.65	
655.453	552.95	
655.864	522.52	
656.275	794.03	
656.687	2146.86	
657.098	3413.09	
657.509	4524.84	
657.92	7153.26	
658.332	9203.57	
658.743	10474.48	
659.154	10252.13	
659.565	6832.61	
659.975	4211.21	
660.386	2320.06	
660.797	1273.84	
661.208	920.42	
661.618	660.62	
662.029	562.31	
662.44	571.68	
662.85	522.52	
663.261	559.97	
663.671	464.01	
664.081	475.71	
664.492	452.31	
664.902	529.55	
665.312	524.87	
665.722	515.5	
666.132	449.97	
666.542	419.54	
666.952	412.52	
667.362	428.9	
667.772	419.54	
668.182	414.86	
668.591	435.92	
669.001	424.22	
669.411	417.2	
669.82	482.74	
670.23	382.09	
670.639	478.05	
671.049	424.22	
671.458	393.8	
671.867	468.69	
672.277	445.29	
672.686	456.99	
673.095	442.95	
673.504	419.54	
673.913	442.95	
674.322	520.18	
674.731	496.78	
675.14	419.54	
675.549	445.29	
675.957	349.32	
676.366	464.01	
676.775	489.76	
677.183	440.61	
677.592	403.16	
678	428.9	
678.409	417.2	
678.817	442.95	
679.226	456.99	
679.634	391.45	
680.042	417.2	
680.45	379.75	
680.858	386.77	
681.266	389.11	
681.674	435.92	
682.082	431.24	
682.49	478.05	
682.898	456.99	
683.306	389.11	
683.714	445.29	
684.121	447.63	
684.529	414.86	
684.936	365.71	
685.344	468.69	
685.751	407.84	
686.159	365.71	
686.566	428.9	
686.973	466.35	
687.381	428.9	
687.788	356.35	
688.195	358.69	
688.602	412.52	
689.009	379.75	
689.416	375.07	
689.823	391.45	
690.23	414.86	
690.636	414.86	
691.043	309.54	
691.45	382.09	
691.857	412.52	
692.263	410.18	
692.67	363.37	
693.076	321.24	
693.483	389.11	
693.889	279.11	
694.295	342.3	
694.701	314.22	
695.108	368.05	
695.514	323.58	
695.92	328.26	
696.326	361.03	
696.732	389.11	
697.138	447.63	
697.544	398.48	
697.949	400.82	
698.355	393.8	
698.761	417.2	
699.167	435.92	
699.572	412.52	
699.978	398.48	
