FLMS05996_1:101		
187.658	-41.54	
188.124	-41.54	
188.589	-41.54	
189.055	-100.06	
189.521	-97.72	
189.987	-142.19	
190.452	-123.46	
190.918	-88.36	
191.384	-74.31	
191.849	-81.33	
192.314	-53.25	
192.78	2.93	
193.245	12.29	
193.711	-22.82	
194.176	9.95	
194.641	33.35	
195.106	80.16	
195.571	80.16	
196.037	91.87	
196.502	131.66	
196.967	143.36	
197.431	119.95	
197.896	152.72	
198.361	157.4	
198.826	248.68	
199.291	169.1	
199.755	251.02	
200.22	187.83	
200.685	293.15	
201.149	260.38	
201.614	272.09	
202.078	255.7	
202.543	290.81	
203.007	267.41	
203.471	251.02	
203.936	356.35	
204.4	304.85	
204.864	290.81	
205.328	316.56	
205.792	349.32	
206.256	314.22	
206.72	246.34	
207.184	244	
207.648	335.28	
208.112	248.68	
208.576	311.88	
209.039	323.58	
209.503	286.13	
209.967	316.56	
210.43	330.6	
210.894	239.32	
211.357	335.28	
211.821	297.83	
212.284	297.83	
212.747	290.81	
213.211	349.32	
213.674	349.32	
214.137	325.92	
214.6	325.92	
215.063	234.64	
215.526	290.81	
215.989	244	
216.452	302.51	
216.915	255.7	
217.378	295.49	
217.841	211.23	
218.304	272.09	
218.767	239.32	
219.229	248.68	
219.692	260.38	
220.154	255.7	
220.617	272.09	
221.079	288.47	
221.542	288.47	
222.004	218.25	
222.467	201.87	
222.929	244	
223.391	265.07	
223.853	199.53	
224.315	225.28	
224.777	274.43	
225.239	201.87	
225.701	309.54	
226.163	272.09	
226.625	229.96	
227.087	295.49	
227.549	246.34	
228.011	262.73	
228.472	342.3	
228.934	279.11	
229.396	241.66	
229.857	272.09	
230.319	281.45	
230.78	293.15	
231.242	279.11	
231.703	311.88	
232.164	314.22	
232.626	304.85	
233.087	262.73	
233.548	279.11	
234.009	272.09	
234.47	251.02	
234.931	354.01	
235.392	206.55	
235.853	288.47	
236.314	304.85	
236.775	297.83	
237.235	227.62	
237.696	276.77	
238.157	255.7	
238.618	269.75	
239.078	236.98	
239.539	262.73	
239.999	246.34	
240.46	234.64	
240.92	293.15	
241.38	309.54	
241.841	332.94	
242.301	328.26	
242.761	211.23	
243.221	295.49	
243.681	295.49	
244.141	265.07	
244.601	262.73	
245.061	269.75	
245.521	241.66	
245.981	260.38	
246.441	332.94	
246.901	253.36	
247.36	330.6	
247.82	222.94	
248.28	302.51	
248.739	255.7	
249.199	244	
249.658	267.41	
250.117	218.25	
250.577	248.68	
251.036	276.77	
251.495	286.13	
251.955	321.24	
252.414	286.13	
252.873	274.43	
253.332	213.57	
253.791	274.43	
254.25	244	
254.709	265.07	
255.168	286.13	
255.627	339.96	
256.085	244	
256.544	267.41	
257.003	225.28	
257.461	330.6	
257.92	248.68	
258.379	304.85	
258.837	288.47	
259.295	318.9	
259.754	309.54	
260.212	251.02	
260.67	330.6	
261.129	316.56	
261.587	309.54	
262.045	234.64	
262.503	288.47	
262.961	300.17	
263.419	311.88	
263.877	309.54	
264.335	295.49	
264.793	302.51	
265.251	290.81	
265.708	258.04	
266.166	267.41	
266.624	232.3	
267.081	286.13	
267.539	314.22	
267.996	297.83	
268.454	293.15	
268.911	330.6	
269.369	293.15	
269.826	293.15	
270.283	325.92	
270.74	276.77	
271.198	375.07	
271.655	290.81	
272.112	351.67	
272.569	335.28	
273.026	316.56	
273.483	342.3	
273.94	272.09	
274.396	339.96	
274.853	251.02	
275.31	251.02	
275.767	316.56	
276.223	262.73	
276.68	290.81	
277.136	316.56	
277.593	204.21	
278.049	382.09	
278.506	272.09	
278.962	244	
279.418	265.07	
279.874	222.94	
280.331	283.79	
280.787	290.81	
281.243	304.85	
281.699	300.17	
282.155	260.38	
282.611	262.73	
283.067	281.45	
283.522	269.75	
283.978	281.45	
284.434	302.51	
284.89	351.67	
285.345	272.09	
285.801	265.07	
286.256	290.81	
286.712	281.45	
287.167	297.83	
287.623	309.54	
288.078	262.73	
288.533	318.9	
288.989	337.62	
289.444	302.51	
289.899	253.36	
290.354	342.3	
290.809	304.85	
291.264	229.96	
291.719	258.04	
292.174	262.73	
292.629	321.24	
293.084	382.09	
293.538	279.11	
293.993	363.37	
294.448	351.67	
294.902	258.04	
295.357	269.75	
295.811	269.75	
296.266	246.34	
296.72	251.02	
297.174	321.24	
297.629	269.75	
298.083	307.2	
298.537	337.62	
298.991	297.83	
299.446	314.22	
299.9	307.2	
300.354	255.7	
300.808	318.9	
301.261	293.15	
301.715	260.38	
302.169	293.15	
302.623	318.9	
303.077	314.22	
303.53	272.09	
303.984	330.6	
304.437	332.94	
304.891	286.13	
305.344	222.94	
305.798	314.22	
306.251	234.64	
306.704	325.92	
307.158	339.96	
307.611	265.07	
308.064	344.64	
308.517	295.49	
308.97	307.2	
309.423	332.94	
309.876	318.9	
310.329	236.98	
310.782	246.34	
311.235	321.24	
311.688	265.07	
312.14	314.22	
312.593	304.85	
313.046	304.85	
313.498	276.77	
313.951	351.67	
314.403	260.38	
314.856	377.41	
315.308	349.32	
315.76	297.83	
316.213	339.96	
316.665	354.01	
317.117	281.45	
317.569	267.41	
318.021	251.02	
318.473	309.54	
318.925	368.05	
319.377	286.13	
319.829	302.51	
320.281	265.07	
320.733	328.26	
321.184	304.85	
321.636	232.3	
322.088	290.81	
322.539	309.54	
322.991	281.45	
323.442	316.56	
323.894	307.2	
324.345	276.77	
324.796	356.35	
325.248	375.07	
325.699	288.47	
326.15	316.56	
326.601	255.7	
327.052	290.81	
327.503	290.81	
327.954	354.01	
328.405	307.2	
328.856	262.73	
329.307	314.22	
329.758	314.22	
330.208	363.37	
330.659	302.51	
331.11	346.98	
331.56	321.24	
332.011	279.11	
332.461	311.88	
332.912	346.98	
333.362	215.91	
333.813	328.26	
334.263	236.98	
334.713	356.35	
335.163	337.62	
335.613	276.77	
336.063	346.98	
336.513	332.94	
336.963	346.98	
337.413	290.81	
337.863	358.69	
338.313	403.16	
338.763	372.73	
339.213	342.3	
339.662	398.48	
340.112	337.62	
340.562	309.54	
341.011	311.88	
341.461	321.24	
341.91	311.88	
342.359	361.03	
342.809	445.29	
343.258	506.14	
343.707	529.55	
344.156	445.29	
344.606	419.54	
345.055	316.56	
345.504	384.43	
345.953	531.89	
346.402	620.83	
346.85	667.64	
347.299	662.96	
347.748	637.21	
348.197	691.04	
348.645	655.94	
349.094	599.76	
349.543	517.84	
349.991	412.52	
350.44	330.6	
350.888	375.07	
351.336	492.1	
351.785	435.92	
352.233	459.33	
352.681	449.97	
353.13	548.27	
353.578	569.34	
354.026	597.42	
354.474	515.5	
354.922	370.39	
355.37	293.15	
355.818	325.92	
356.265	349.32	
356.713	379.75	
357.161	260.38	
357.609	304.85	
358.056	349.32	
358.504	328.26	
358.951	354.01	
359.399	302.51	
359.846	372.73	
360.294	548.27	
360.741	632.53	
361.188	592.74	
361.635	534.23	
362.083	456.99	
362.53	349.32	
362.977	344.64	
363.424	375.07	
363.871	365.71	
364.318	302.51	
364.765	351.67	
365.211	349.32	
365.658	300.17	
366.105	300.17	
366.552	272.09	
366.998	344.64	
367.445	244	
367.891	290.81	
368.338	337.62	
368.784	304.85	
369.231	307.2	
369.677	356.35	
370.123	323.58	
370.569	337.62	
371.016	368.05	
371.462	321.24	
371.908	370.39	
372.354	297.83	
372.8	290.81	
373.246	346.98	
373.692	361.03	
374.137	368.05	
374.583	265.07	
375.029	286.13	
375.475	351.67	
375.92	265.07	
376.366	258.04	
376.811	365.71	
377.257	325.92	
377.702	325.92	
378.147	328.26	
378.593	302.51	
379.038	356.35	
379.483	307.2	
379.928	325.92	
380.374	281.45	
380.819	304.85	
381.264	290.81	
381.709	330.6	
382.153	311.88	
382.598	351.67	
383.043	349.32	
383.488	342.3	
383.933	276.77	
384.377	295.49	
384.822	297.83	
385.266	337.62	
385.711	372.73	
386.155	288.47	
386.6	302.51	
387.044	321.24	
387.488	304.85	
387.933	288.47	
388.377	302.51	
388.821	272.09	
389.265	337.62	
389.709	330.6	
390.153	279.11	
390.597	361.03	
391.041	262.73	
391.485	342.3	
391.929	272.09	
392.372	255.7	
392.816	344.64	
393.26	337.62	
393.703	222.94	
394.147	318.9	
394.59	323.58	
395.034	330.6	
395.477	286.13	
395.921	354.01	
396.364	304.85	
396.807	302.51	
397.25	370.39	
397.693	321.24	
398.137	363.37	
398.58	311.88	
399.023	281.45	
399.466	391.45	
399.908	290.81	
400.351	274.43	
400.794	267.41	
401.237	314.22	
401.679	311.88	
402.122	286.13	
402.565	323.58	
403.007	297.83	
403.45	358.69	
403.892	318.9	
404.334	255.7	
404.777	358.69	
405.219	274.43	
405.661	332.94	
406.103	281.45	
406.546	337.62	
406.988	332.94	
407.43	206.55	
407.872	321.24	
408.314	365.71	
408.755	267.41	
409.197	269.75	
409.639	323.58	
410.081	323.58	
410.522	304.85	
410.964	311.88	
411.406	335.28	
411.847	316.56	
412.289	307.2	
412.73	330.6	
413.171	356.35	
413.613	293.15	
414.054	302.51	
414.495	307.2	
414.936	248.68	
415.377	318.9	
415.818	323.58	
416.259	295.49	
416.7	297.83	
417.141	391.45	
417.582	295.49	
418.023	265.07	
418.464	330.6	
418.904	302.51	
419.345	302.51	
419.786	307.2	
420.226	323.58	
420.667	300.17	
421.107	370.39	
421.547	295.49	
421.988	311.88	
422.428	321.24	
422.868	318.9	
423.308	293.15	
423.749	288.47	
424.189	346.98	
424.629	393.8	
425.069	286.13	
425.509	295.49	
425.949	316.56	
426.388	365.71	
426.828	370.39	
427.268	279.11	
427.708	311.88	
428.147	311.88	
428.587	365.71	
429.026	288.47	
429.466	349.32	
429.905	290.81	
430.344	342.3	
430.784	332.94	
431.223	325.92	
431.662	295.49	
432.101	346.98	
432.541	321.24	
432.98	316.56	
433.419	293.15	
433.858	288.47	
434.296	323.58	
434.735	267.41	
435.174	283.79	
435.613	337.62	
436.052	339.96	
436.49	325.92	
436.929	372.73	
437.367	351.67	
437.806	290.81	
438.244	281.45	
438.683	311.88	
439.121	325.92	
439.559	316.56	
439.998	370.39	
440.436	300.17	
440.874	281.45	
441.312	307.2	
441.75	349.32	
442.188	265.07	
442.626	323.58	
443.064	342.3	
443.502	255.7	
443.939	379.75	
444.377	346.98	
444.815	396.14	
445.253	283.79	
445.69	272.09	
446.128	274.43	
446.565	262.73	
447.002	346.98	
447.44	300.17	
447.877	309.54	
448.314	300.17	
448.752	328.26	
449.189	356.35	
449.626	337.62	
450.063	309.54	
450.5	328.26	
450.937	295.49	
451.374	342.3	
451.811	286.13	
452.248	323.58	
452.684	356.35	
453.121	382.09	
453.558	344.64	
453.994	349.32	
454.431	279.11	
454.867	290.81	
455.304	335.28	
455.74	307.2	
456.176	304.85	
456.613	363.37	
457.049	304.85	
457.485	325.92	
457.921	288.47	
458.357	288.47	
458.793	297.83	
459.229	307.2	
459.665	213.57	
460.101	354.01	
460.537	386.77	
460.973	293.15	
461.408	339.96	
461.844	222.94	
462.28	302.51	
462.715	361.03	
463.151	332.94	
463.586	295.49	
464.022	382.09	
464.457	328.26	
464.892	302.51	
465.328	372.73	
465.763	396.14	
466.198	279.11	
466.633	361.03	
467.068	332.94	
467.503	316.56	
467.938	342.3	
468.373	372.73	
468.808	288.47	
469.243	325.92	
469.677	335.28	
470.112	293.15	
470.547	274.43	
470.981	311.88	
471.416	330.6	
471.85	307.2	
472.285	337.62	
472.719	314.22	
473.153	328.26	
473.588	398.48	
474.022	358.69	
474.456	356.35	
474.89	325.92	
475.324	248.68	
475.758	349.32	
476.192	304.85	
476.626	272.09	
477.06	344.64	
477.494	335.28	
477.928	342.3	
478.361	288.47	
478.795	286.13	
479.229	372.73	
479.662	330.6	
480.096	302.51	
480.529	339.96	
480.962	325.92	
481.396	368.05	
481.829	314.22	
482.262	375.07	
482.695	328.26	
483.129	349.32	
483.562	337.62	
483.995	382.09	
484.428	342.3	
484.861	384.43	
485.294	342.3	
485.726	361.03	
486.159	339.96	
486.592	321.24	
487.024	351.67	
487.457	368.05	
487.89	363.37	
488.322	314.22	
488.755	304.85	
489.187	330.6	
489.619	309.54	
490.052	339.96	
490.484	368.05	
490.916	325.92	
491.348	262.73	
491.78	356.35	
492.212	295.49	
492.644	300.17	
493.076	316.56	
493.508	300.17	
493.94	375.07	
494.372	325.92	
494.804	417.2	
495.235	316.56	
495.667	323.58	
496.098	384.43	
496.53	307.2	
496.961	354.01	
497.393	368.05	
497.824	354.01	
498.256	328.26	
498.687	405.5	
499.118	311.88	
499.549	346.98	
499.98	269.75	
500.411	272.09	
500.842	314.22	
501.273	342.3	
501.704	379.75	
502.135	325.92	
502.566	281.45	
502.997	321.24	
503.427	307.2	
503.858	354.01	
504.289	302.51	
504.719	421.88	
505.15	389.11	
505.58	396.14	
506.01	447.63	
506.441	398.48	
506.871	435.92	
507.301	354.01	
507.731	309.54	
508.161	344.64	
508.592	368.05	
509.022	344.64	
509.451	386.77	
509.881	389.11	
510.311	386.77	
510.741	370.39	
511.171	386.77	
511.6	332.94	
512.03	358.69	
512.46	421.88	
512.889	400.82	
513.319	412.52	
513.748	297.83	
514.178	403.16	
514.607	435.92	
515.036	382.09	
515.465	337.62	
515.895	354.01	
516.324	365.71	
516.753	410.18	
517.182	330.6	
517.611	314.22	
518.04	283.79	
518.469	356.35	
518.897	349.32	
519.326	281.45	
519.755	311.88	
520.183	328.26	
520.612	384.43	
521.041	403.16	
521.469	337.62	
521.898	379.75	
522.326	370.39	
522.754	342.3	
523.183	431.24	
523.611	356.35	
524.039	405.5	
524.467	382.09	
524.895	344.64	
525.323	370.39	
525.751	309.54	
526.179	337.62	
526.607	302.51	
527.035	302.51	
527.463	349.32	
527.89	304.85	
528.318	262.73	
528.745	398.48	
529.173	323.58	
529.601	342.3	
530.028	335.28	
530.455	314.22	
530.883	297.83	
531.31	293.15	
531.737	339.96	
532.164	358.69	
532.592	386.77	
533.019	386.77	
533.446	346.98	
533.873	449.97	
534.3	487.42	
534.726	655.94	
535.153	730.83	
535.58	684.02	
536.007	693.38	
536.433	604.44	
536.86	585.72	
537.287	449.97	
537.713	379.75	
538.139	403.16	
538.566	335.28	
538.992	339.96	
539.418	286.13	
539.845	344.64	
540.271	361.03	
540.697	574.02	
541.123	637.21	
541.549	723.81	
541.975	719.13	
542.401	662.96	
542.827	595.08	
543.253	407.84	
543.678	417.2	
544.104	382.09	
544.53	325.92	
544.955	344.64	
545.381	391.45	
545.806	386.77	
546.232	330.6	
546.657	354.01	
547.083	363.37	
547.508	302.51	
547.933	281.45	
548.358	337.62	
548.783	349.32	
549.209	382.09	
549.634	356.35	
550.059	281.45	
550.483	356.35	
550.908	309.54	
551.333	302.51	
551.758	365.71	
552.183	365.71	
552.607	389.11	
553.032	314.22	
553.456	304.85	
553.881	295.49	
554.305	314.22	
554.73	372.73	
555.154	368.05	
555.578	293.15	
556.003	419.54	
556.427	293.15	
556.851	335.28	
557.275	318.9	
557.699	356.35	
558.123	428.9	
558.547	365.71	
558.971	307.2	
559.395	295.49	
559.818	328.26	
560.242	335.28	
560.666	314.22	
561.089	325.92	
561.513	391.45	
561.936	309.54	
562.36	311.88	
562.783	396.14	
563.206	307.2	
563.63	325.92	
564.053	379.75	
564.476	300.17	
564.899	328.26	
565.322	391.45	
565.745	419.54	
566.168	386.77	
566.591	337.62	
567.014	426.56	
567.437	438.27	
567.86	410.18	
568.282	337.62	
568.705	379.75	
569.128	363.37	
569.55	382.09	
569.973	382.09	
570.395	300.17	
570.817	363.37	
571.24	405.5	
571.662	339.96	
572.084	377.41	
572.506	421.88	
572.928	386.77	
573.35	403.16	
573.772	375.07	
574.194	403.16	
574.616	379.75	
575.038	431.24	
575.46	426.56	
575.882	468.69	
576.303	492.1	
576.725	611.46	
577.147	805.73	
577.568	882.97	
577.99	1063.19	
578.411	1018.72	
578.832	833.82	
579.254	735.51	
579.675	524.87	
580.096	485.08	
580.517	489.76	
580.938	464.01	
581.36	499.12	
581.781	426.56	
582.201	503.8	
582.622	669.98	
583.043	681.68	
583.464	754.24	
583.885	808.07	
584.305	765.94	
584.726	770.62	
585.147	1135.74	
585.567	4637.19	
585.988	11862.42	
586.408	17168.41	
586.828	22881.66	
587.249	23742.98	
587.669	19352.13	
588.089	14469.78	
588.509	10362.14	
588.929	9559.33	
589.349	8726.1	
589.769	8988.24	
590.189	8634.82	
590.609	7033.89	
591.029	5439.99	
591.449	3656.5	
591.868	2603.26	
592.288	1662.37	
592.708	1212.98	
593.127	927.44	
593.547	672.32	
593.966	618.49	
594.386	840.84	
594.805	3008.17	
595.224	7392	
595.643	10338.73	
596.063	14039.12	
596.482	14434.67	
596.901	11619	
597.32	9131.01	
597.739	6151.51	
598.158	5072.53	
598.577	4646.55	
598.995	4475.69	
599.414	4499.09	
599.833	3693.95	
600.252	3031.58	
600.67	2200.69	
601.089	1493.85	
601.507	1135.74	
601.926	775.3	
602.344	578.7	
602.762	435.92	
603.181	873.6	
603.599	2069.62	
604.017	3083.07	
604.435	3869.49	
604.853	4534.2	
605.271	4091.84	
605.689	3300.74	
606.107	2420.7	
606.525	1545.34	
606.943	1133.4	
607.36	1124.04	
607.778	3078.39	
608.196	6870.06	
608.613	9479.75	
609.031	12686.29	
609.448	13369.73	
609.866	13503.14	
610.283	16269.65	
610.7	16985.85	
611.118	18893.39	
611.535	19459.8	
611.952	15635.36	
612.369	11958.38	
612.786	8052.03	
613.203	5168.49	
613.62	3555.86	
614.037	2448.79	
614.454	4002.9	
614.87	11384.95	
615.287	17938.45	
615.704	23609.57	
616.12	28061.27	
616.537	26132.67	
616.953	23546.37	
617.37	19108.72	
617.786	15384.93	
618.203	13098.22	
618.619	9849.56	
619.035	6853.67	
619.451	4382.07	
619.868	2842	
620.284	1971.32	
620.7	1184.9	
621.116	838.5	
621.531	698.06	
621.947	1547.68	
622.363	3649.48	
622.779	5264.45	
623.195	6940.27	
623.61	7979.47	
624.026	6919.21	
624.441	5498.5	
624.857	3918.64	
625.272	2598.58	
625.688	1699.81	
626.103	1124.04	
626.518	932.12	
626.933	2713.27	
627.349	6430.04	
627.764	9191.87	
628.179	12166.69	
628.594	13376.75	
629.009	11284.31	
629.424	9065.48	
629.838	6078.96	
630.253	3911.62	
630.668	3031.58	
631.083	3586.29	
631.497	4246.32	
631.912	5065.5	
632.326	5980.65	
632.741	5301.9	
633.155	4592.72	
633.57	5147.42	
633.984	10392.56	
634.398	15019.8	
634.812	19679.81	
635.226	23679.78	
635.64	21203.5	
636.054	17091.18	
636.468	12030.94	
636.882	7935	
637.296	4920.39	
637.71	2769.44	
638.124	1725.56	
638.537	4054.39	
638.951	10694.49	
639.365	14972.99	
639.778	19991.1	
640.192	23972.35	
640.605	33568.55	
641.019	45285.27	
641.432	49048.85	
641.845	55967.48	
642.258	54968.07	
642.672	45226.76	
643.085	34757.54	
643.498	22198.23	
643.911	13116.95	
644.324	7551.15	
644.737	3541.82	
645.149	1688.11	
645.562	1044.46	
645.975	744.88	
646.388	597.42	
646.8	581.04	
647.213	524.87	
647.625	564.65	
648.038	442.95	
648.45	456.99	
648.862	510.82	
649.275	496.78	
649.687	543.59	
650.099	585.72	
650.511	911.05	
650.923	4590.38	
651.335	12101.15	
651.747	16477.96	
652.159	22275.46	
652.571	25002.19	
652.983	21552.24	
653.395	17936.11	
653.806	14919.16	
654.218	12672.25	
654.63	11317.08	
655.041	10514.27	
655.453	8653.55	
655.864	6865.38	
656.275	5161.47	
656.687	3392.02	
657.098	2308.35	
657.509	1386.18	
657.92	843.18	
658.332	595.08	
658.743	534.23	
659.154	485.08	
659.565	576.36	
659.975	1110	
660.386	3565.22	
660.797	5669.36	
661.208	7291.35	
661.618	9163.78	
662.029	8536.52	
662.44	7286.67	
662.85	5475.1	
663.261	3504.37	
663.671	2423.04	
664.081	1425.97	
664.492	815.09	
664.902	574.02	
665.312	464.01	
665.722	503.8	
666.132	421.88	
666.542	492.1	
666.952	557.63	
667.362	559.97	
667.772	1102.98	
668.182	4335.26	
668.591	8957.82	
669.001	12052	
669.411	15970.06	
669.82	16484.98	
670.23	13711.44	
670.639	10858.33	
671.049	7448.17	
671.458	4786.98	
671.867	4089.5	
672.277	5751.28	
672.686	6893.46	
673.095	8765.89	
673.504	10294.26	
673.913	9290.17	
674.322	7668.18	
674.731	5786.39	
675.14	3881.19	
675.549	2366.87	
675.957	1259.79	
676.366	749.56	
676.775	566.99	
677.183	452.31	
677.592	419.54	
678	396.14	
678.409	431.24	
678.817	354.01	
679.226	440.61	
679.634	325.92	
680.042	314.22	
680.45	375.07	
680.858	363.37	
681.266	375.07	
681.674	325.92	
682.082	321.24	
682.49	356.35	
682.898	325.92	
683.306	351.67	
683.714	377.41	
684.121	346.98	
684.529	346.98	
684.936	396.14	
685.344	349.32	
685.751	286.13	
686.159	346.98	
686.566	375.07	
686.973	318.9	
687.381	332.94	
687.788	354.01	
688.195	239.32	
688.602	262.73	
689.009	342.3	
689.416	391.45	
689.823	400.82	
690.23	377.41	
690.636	421.88	
691.043	386.77	
691.45	382.09	
691.857	400.82	
692.263	440.61	
692.67	520.18	
693.076	1629.6	
693.483	5301.9	
693.889	7665.84	
694.295	10060.21	
694.701	12435.85	
695.108	11324.1	
695.514	9582.74	
695.92	7183.69	
696.326	4843.15	
696.732	3071.37	
697.138	1631.94	
697.544	911.05	
697.949	660.62	
698.355	426.56	
698.761	459.33	
699.167	459.33	
699.572	459.33	
699.978	489.76	
700.383	489.76	
700.789	421.88	
701.194	435.92	
701.599	464.01	
702.004	487.42	
702.41	482.74	
702.815	932.12	
703.22	2212.39	
703.625	10540.02	
704.03	17624.82	
704.435	22542.28	
704.84	30284.78	
705.245	29116.85	
705.649	25056.02	
706.054	20023.87	
706.459	13760.59	
706.863	8971.86	
707.268	4737.83	
707.672	2214.73	
708.077	1248.09	
708.481	845.52	
708.885	613.81	
709.29	613.81	
709.694	447.63	
710.098	375.07	
710.502	365.71	
710.906	391.45	
711.31	335.28	
711.714	419.54	
712.118	379.75	
712.522	267.41	
712.926	316.56	
713.329	396.14	
713.733	382.09	
714.137	293.15	
714.54	293.15	
714.944	400.82	
715.347	393.8	
715.75	363.37	
716.154	328.26	
716.557	398.48	
716.96	354.01	
717.363	389.11	
717.767	1037.44	
718.17	1695.13	
718.573	2071.96	
718.976	2783.48	
719.378	2792.84	
719.781	2441.76	
720.184	1966.64	
720.587	1517.25	
720.989	1110	
721.392	726.15	
721.795	438.27	
722.197	393.8	
722.6	389.11	
723.002	349.32	
723.404	410.18	
723.807	335.28	
724.209	454.65	
724.611	1322.99	
725.013	4765.92	
725.415	6640.68	
725.817	8620.78	
726.219	11537.09	
726.621	10172.55	
727.023	9072.5	
727.425	7181.35	
727.826	4946.14	
728.228	3019.88	
728.63	1510.23	
729.031	810.41	
729.433	576.36	
729.834	426.56	
730.236	396.14	
730.637	365.71	
731.038	339.96	
731.44	325.92	
731.841	274.43	
732.242	365.71	
732.643	295.49	
733.044	318.9	
733.445	302.51	
733.846	346.98	
734.247	253.36	
734.647	349.32	
735.048	342.3	
735.449	337.62	
735.849	346.98	
736.25	295.49	
736.65	281.45	
737.051	311.88	
737.451	323.58	
737.852	356.35	
738.252	297.83	
738.652	337.62	
739.052	244	
739.453	236.98	
739.853	440.61	
740.253	358.69	
740.653	295.49	
741.052	267.41	
741.452	314.22	
741.852	351.67	
742.252	304.85	
742.651	293.15	
743.051	297.83	
743.451	372.73	
743.85	414.86	
744.25	1056.17	
744.649	1737.26	
745.048	2160.9	
745.448	2816.25	
745.847	2963.7	
746.246	2488.57	
746.645	2076.64	
747.044	1688.11	
747.443	1191.92	
747.842	747.22	
748.241	442.95	
748.64	410.18	
749.039	473.37	
749.438	571.68	
749.836	733.17	
750.235	833.82	
750.633	897.01	
751.032	850.2	
751.43	768.28	
751.829	651.25	
752.227	482.74	
752.625	419.54	
753.024	428.9	
753.422	361.03	
753.82	461.67	
754.218	578.7	
754.616	700.41	
755.014	943.82	
755.412	971.91	
755.81	992.97	
756.208	957.86	
756.605	784.66	
757.003	662.96	
757.401	545.93	
757.798	473.37	
758.196	426.56	
758.593	377.41	
758.99	330.6	
759.388	244	
759.785	311.88	
760.182	279.11	
760.58	361.03	
760.977	286.13	
761.374	318.9	
761.771	314.22	
762.168	279.11	
762.565	255.7	
762.961	241.66	
763.358	295.49	
763.755	311.88	
764.152	297.83	
764.548	272.09	
764.945	321.24	
765.341	335.28	
765.738	272.09	
766.134	354.01	
766.53	342.3	
766.927	267.41	
767.323	307.2	
767.719	272.09	
768.115	368.05	
768.511	260.38	
768.907	330.6	
769.303	358.69	
769.699	393.8	
770.095	272.09	
770.491	288.47	
770.886	314.22	
771.282	295.49	
771.678	276.77	
772.073	248.68	
772.469	297.83	
772.864	297.83	
773.26	265.07	
773.655	344.64	
774.05	297.83	
774.445	354.01	
774.841	330.6	
775.236	332.94	
775.631	255.7	
776.026	325.92	
776.421	302.51	
776.816	300.17	
777.21	297.83	
777.605	286.13	
778	344.64	
778.395	318.9	
778.789	295.49	
779.184	330.6	
779.578	321.24	
779.973	358.69	
780.367	342.3	
780.761	325.92	
781.156	332.94	
781.55	370.39	
781.944	262.73	
782.338	279.11	
782.732	288.47	
783.126	349.32	
783.52	311.88	
783.914	342.3	
784.308	321.24	
784.701	330.6	
785.095	300.17	
785.489	286.13	
785.882	307.2	
786.276	356.35	
786.669	290.81	
787.063	365.71	
787.456	344.64	
787.85	302.51	
788.243	276.77	
788.636	346.98	
789.029	309.54	
789.422	199.53	
789.815	309.54	
790.208	297.83	
790.601	337.62	
790.994	342.3	
791.387	304.85	
791.78	239.32	
792.172	293.15	
792.565	361.03	
792.957	335.28	
793.35	279.11	
793.742	293.15	
794.135	318.9	
794.527	339.96	
794.919	363.37	
795.312	377.41	
795.704	384.43	
796.096	384.43	
796.488	314.22	
796.88	330.6	
797.272	337.62	
797.664	314.22	
798.056	328.26	
798.448	297.83	
798.839	337.62	
799.231	361.03	
799.623	265.07	
800.014	361.03	
800.406	283.79	
800.797	384.43	
801.189	269.75	
801.58	379.75	
801.971	311.88	
802.362	365.71	
802.754	300.17	
803.145	321.24	
803.536	358.69	
803.927	332.94	
804.318	295.49	
804.709	328.26	
805.099	253.36	
805.49	342.3	
805.881	288.47	
806.272	260.38	
806.662	370.39	
807.053	356.35	
807.443	358.69	
807.834	255.7	
808.224	349.32	
808.614	358.69	
809.005	384.43	
809.395	314.22	
809.785	351.67	
810.175	449.97	
810.565	332.94	
810.955	365.71	
811.345	396.14	
811.735	325.92	
812.125	332.94	
812.515	330.6	
812.904	262.73	
813.294	342.3	
813.684	368.05	
814.073	400.82	
814.463	365.71	
814.852	375.07	
815.241	382.09	
815.631	412.52	
816.02	386.77	
816.409	328.26	
816.798	342.3	
817.187	354.01	
817.576	370.39	
817.965	337.62	
818.354	281.45	
818.743	297.83	
819.132	307.2	
819.521	321.24	
819.909	276.77	
820.298	323.58	
820.686	368.05	
821.075	335.28	
821.463	290.81	
821.852	354.01	
822.24	363.37	
822.628	300.17	
823.017	255.7	
823.405	286.13	
823.793	307.2	
824.181	316.56	
824.569	342.3	
824.957	290.81	
825.345	339.96	
825.733	311.88	
826.12	302.51	
826.508	302.51	
826.896	328.26	
827.283	332.94	
827.671	356.35	
828.059	351.67	
828.446	351.67	
828.833	276.77	
829.221	363.37	
829.608	342.3	
829.995	293.15	
830.382	349.32	
830.769	382.09	
831.156	447.63	
831.543	452.31	
831.93	445.29	
832.317	431.24	
832.704	377.41	
833.091	335.28	
833.477	412.52	
833.864	339.96	
834.251	328.26	
834.637	304.85	
835.024	316.56	
835.41	342.3	
835.796	300.17	
836.183	323.58	
836.569	339.96	
836.955	279.11	
837.341	302.51	
837.727	379.75	
838.113	428.9	
838.499	721.47	
838.885	882.97	
839.271	875.95	
839.657	1004.67	
840.043	850.2	
840.428	669.98	
840.814	534.23	
841.199	559.97	
841.585	501.46	
841.97	382.09	
842.356	428.9	
842.741	524.87	
843.126	452.31	
843.512	517.84	
843.897	433.58	
844.282	405.5	
844.667	332.94	
845.052	253.36	
845.437	281.45	
845.822	300.17	
846.206	365.71	
846.591	288.47	
846.976	379.75	
847.361	281.45	
847.745	295.49	
848.13	295.49	
848.514	283.79	
848.899	344.64	
849.283	295.49	
849.667	391.45	
850.051	447.63	
850.436	543.59	
850.82	578.7	
851.204	667.64	
851.588	611.46	
851.972	564.65	
852.356	464.01	
852.74	382.09	
853.123	375.07	
853.507	370.39	
853.891	332.94	
854.274	321.24	
854.658	344.64	
855.041	318.9	
855.425	293.15	
855.808	325.92	
856.192	332.94	
856.575	344.64	
856.958	304.85	
857.341	314.22	
857.724	279.11	
858.107	339.96	
858.49	279.11	
858.873	302.51	
859.256	335.28	
859.639	302.51	
860.022	417.2	
860.404	424.22	
860.787	421.88	
861.17	433.58	
861.552	361.03	
861.935	363.37	
862.317	332.94	
862.699	342.3	
863.082	286.13	
863.464	349.32	
863.846	354.01	
864.228	372.73	
864.61	358.69	
864.992	414.86	
865.374	417.2	
865.756	503.8	
866.138	494.44	
866.52	459.33	
866.902	473.37	
867.283	442.95	
867.665	442.95	
868.046	386.77	
868.428	412.52	
868.809	396.14	
869.191	379.75	
869.572	412.52	
869.953	346.98	
870.335	412.52	
870.716	337.62	
871.097	307.2	
871.478	351.67	
871.859	309.54	
872.24	314.22	
872.621	332.94	
873.001	363.37	
873.382	302.51	
873.763	361.03	
874.143	321.24	
874.524	330.6	
874.905	321.24	
875.285	379.75	
875.665	255.7	
876.046	258.04	
876.426	309.54	
876.806	258.04	
877.186	279.11	
877.567	244	
877.947	354.01	
878.327	295.49	
878.707	321.24	
879.086	354.01	
879.466	496.78	
879.846	452.31	
880.226	503.8	
880.605	351.67	
880.985	522.52	
881.365	346.98	
881.744	356.35	
882.124	372.73	
882.503	358.69	
882.882	382.09	
883.261	318.9	
883.641	300.17	
884.02	279.11	
884.399	309.54	
884.778	321.24	
885.157	318.9	
885.536	323.58	
885.915	391.45	
886.293	361.03	
886.672	398.48	
887.051	295.49	
887.429	372.73	
887.808	368.05	
888.186	372.73	
888.565	344.64	
888.943	386.77	
889.322	405.5	
889.7	337.62	
890.078	330.6	
890.456	391.45	
890.834	361.03	
891.212	272.09	
891.59	346.98	
891.968	295.49	
892.346	363.37	
892.724	307.2	
893.102	248.68	
893.479	272.09	
893.857	311.88	
894.235	349.32	
894.612	377.41	
894.99	251.02	
895.367	295.49	
895.744	323.58	
896.122	337.62	
896.499	239.32	
896.876	260.38	
897.253	279.11	
897.63	283.79	
898.007	300.17	
898.384	325.92	
898.761	293.15	
899.138	311.88	
899.515	342.3	
899.891	300.17	
900.268	288.47	
900.645	272.09	
901.021	337.62	
901.398	335.28	
901.774	309.54	
902.15	302.51	
902.527	272.09	
902.903	267.41	
903.279	330.6	
903.655	290.81	
904.031	309.54	
904.407	300.17	
904.783	344.64	
905.159	276.77	
905.535	318.9	
905.911	346.98	
906.287	272.09	
906.662	335.28	
907.038	194.85	
907.413	276.77	
907.789	332.94	
908.164	361.03	
908.54	274.43	
908.915	236.98	
909.29	335.28	
909.666	325.92	
910.041	288.47	
910.416	267.41	
910.791	346.98	
911.166	321.24	
911.541	297.83	
911.916	354.01	
912.29	349.32	
912.665	361.03	
913.04	337.62	
913.414	377.41	
913.789	288.47	
914.163	281.45	
914.538	265.07	
914.912	300.17	
915.287	253.36	
915.661	293.15	
916.035	323.58	
916.409	304.85	
916.783	309.54	
917.157	300.17	
917.531	304.85	
917.905	302.51	
918.279	283.79	
918.653	361.03	
919.027	328.26	
919.4	321.24	
919.774	332.94	
920.148	318.9	
920.521	297.83	
920.895	258.04	
921.268	281.45	
921.641	288.47	
922.015	276.77	
922.388	354.01	
922.761	335.28	
923.134	356.35	
923.507	288.47	
923.88	316.56	
924.253	283.79	
924.626	330.6	
924.999	304.85	
925.372	274.43	
925.744	325.92	
926.117	295.49	
926.489	370.39	
926.862	344.64	
927.234	314.22	
927.607	316.56	
927.979	288.47	
928.352	316.56	
928.724	302.51	
929.096	372.73	
929.468	325.92	
929.84	316.56	
930.212	316.56	
930.584	328.26	
930.956	269.75	
931.328	236.98	
931.7	354.01	
932.071	269.75	
932.443	332.94	
932.814	283.79	
933.186	314.22	
933.557	335.28	
933.929	321.24	
934.3	288.47	
934.672	328.26	
935.043	279.11	
935.414	269.75	
935.785	323.58	
936.156	297.83	
936.527	295.49	
936.898	302.51	
937.269	325.92	
937.64	288.47	
938.011	283.79	
938.381	316.56	
938.752	309.54	
939.123	269.75	
939.493	293.15	
939.864	337.62	
940.234	260.38	
940.604	272.09	
940.975	255.7	
941.345	304.85	
941.715	276.77	
942.085	344.64	
942.455	258.04	
942.825	197.19	
943.195	265.07	
943.565	269.75	
943.935	358.69	
944.305	354.01	
944.675	295.49	
945.044	281.45	
945.414	279.11	
945.783	342.3	
946.153	307.2	
946.522	344.64	
946.892	253.36	
947.261	358.69	
947.63	283.79	
947.999	269.75	
948.369	363.37	
948.738	276.77	
949.107	229.96	
949.476	286.13	
949.844	321.24	
950.213	302.51	
950.582	288.47	
950.951	339.96	
951.319	330.6	
951.688	351.67	
952.057	276.77	
952.425	368.05	
952.794	304.85	
953.162	323.58	
953.53	325.92	
953.898	307.2	
954.267	272.09	
954.635	344.64	
955.003	311.88	
955.371	293.15	
955.739	274.43	
956.107	318.9	
956.475	339.96	
956.842	290.81	
957.21	267.41	
957.578	267.41	
957.945	262.73	
958.313	300.17	
958.68	314.22	
959.048	344.64	
959.415	269.75	
959.783	286.13	
960.15	318.9	
960.517	325.92	
960.884	297.83	
961.251	307.2	
961.618	293.15	
961.985	361.03	
962.352	302.51	
962.719	307.2	
963.086	236.98	
963.452	323.58	
963.819	265.07	
964.186	276.77	
964.552	325.92	
964.919	258.04	
965.285	283.79	
965.652	328.26	
966.018	372.73	
966.384	246.34	
966.75	279.11	
967.116	309.54	
967.482	300.17	
967.848	344.64	
968.214	300.17	
968.58	335.28	
968.946	342.3	
969.312	300.17	
969.678	368.05	
970.043	332.94	
970.409	311.88	
970.774	274.43	
971.14	290.81	
971.505	309.54	
971.871	293.15	
972.236	253.36	
972.601	295.49	
972.967	309.54	
973.332	281.45	
973.697	309.54	
974.062	314.22	
974.427	288.47	
974.792	300.17	
975.156	356.35	
975.521	323.58	
975.886	297.83	
976.251	297.83	
976.615	309.54	
976.98	276.77	
977.344	288.47	
977.709	330.6	
978.073	279.11	
978.437	304.85	
978.802	288.47	
979.166	246.34	
979.53	304.85	
979.894	354.01	
980.258	344.64	
980.622	255.7	
980.986	314.22	
981.35	269.75	
981.713	274.43	
982.077	339.96	
982.441	290.81	
982.804	297.83	
983.168	349.32	
983.531	295.49	
983.895	346.98	
984.258	318.9	
984.621	339.96	
984.985	370.39	
985.348	316.56	
985.711	361.03	
986.074	258.04	
986.437	276.77	
986.8	377.41	
987.163	330.6	
987.526	241.66	
987.888	241.66	
988.251	321.24	
988.614	328.26	
988.976	304.85	
989.339	335.28	
989.701	344.64	
990.064	365.71	
990.426	309.54	
990.788	236.98	
991.151	269.75	
991.513	339.96	
991.875	281.45	
992.237	314.22	
992.599	281.45	
992.961	321.24	
993.323	300.17	
993.685	309.54	
994.046	288.47	
994.408	239.32	
994.77	346.98	
995.131	356.35	
995.493	314.22	
995.854	302.51	
996.216	307.2	
996.577	300.17	
996.938	229.96	
997.299	283.79	
997.661	318.9	
998.022	396.14	
998.383	346.98	
998.744	265.07	
999.105	318.9	
999.465	286.13	
999.826	332.94	
1000.187	295.49	
1000.548	370.39	
1000.908	332.94	
1001.269	265.07	
1001.629	269.75	
1001.99	293.15	
1002.35	302.51	
1002.711	260.38	
1003.071	272.09	
1003.431	279.11	
1003.791	295.49	
1004.151	234.64	
1004.511	339.96	
1004.871	318.9	
1005.231	255.7	
1005.591	297.83	
1005.951	346.98	
1006.311	351.67	
1006.67	267.41	
1007.03	342.3	
1007.389	349.32	
1007.749	262.73	
1008.108	255.7	
1008.468	335.28	
1008.827	344.64	
1009.186	234.64	
1009.545	258.04	
1009.905	244	
1010.264	279.11	
1010.623	269.75	
1010.982	314.22	
1011.341	311.88	
1011.699	239.32	
1012.058	325.92	
1012.417	302.51	
1012.776	311.88	
1013.134	258.04	
1013.493	302.51	
1013.851	297.83	
1014.21	281.45	
1014.568	351.67	
1014.926	283.79	
1015.284	272.09	
1015.643	255.7	
1016.001	272.09	
1016.359	265.07	
1016.717	272.09	
1017.075	370.39	
1017.433	304.85	
1017.79	328.26	
1018.148	403.16	
1018.506	323.58	
1018.864	246.34	
1019.221	302.51	
1019.579	286.13	
1019.936	323.58	
1020.294	297.83	
1020.651	281.45	
1021.008	248.68	
1021.365	297.83	
1021.723	349.32	
1022.08	302.51	
1022.437	384.43	
1022.794	349.32	
1023.151	316.56	
1023.507	309.54	
1023.864	314.22	
1024.221	314.22	
1024.578	248.68	
1024.934	339.96	
1025.291	337.62	
1025.647	335.28	
1026.004	377.41	
1026.36	344.64	
1026.717	286.13	
1027.073	304.85	
1027.429	241.66	
1027.785	272.09	
1028.141	255.7	
1028.497	283.79	
1028.853	288.47	
1029.209	260.38	
1029.565	361.03	
1029.921	290.81	
1030.277	262.73	
1030.632	316.56	
1030.988	293.15	
1031.343	335.28	
1031.699	290.81	
1032.054	290.81	
1032.41	290.81	
