FLMS05996_1:101		
187.658	-61.88	
188.124	-61.88	
188.589	-61.88	
189.055	-89.96	
189.521	-101.67	
189.987	-57.2	
190.452	-87.62	
190.918	-64.22	
191.384	-47.83	
191.849	-61.88	
192.314	-59.54	
192.78	-40.81	
193.245	-5.71	
193.711	43.45	
194.176	31.74	
194.641	-12.73	
195.106	29.4	
195.571	27.06	
196.037	108.98	
196.502	92.6	
196.967	104.3	
197.431	167.49	
197.896	155.79	
198.361	230.69	
198.826	441.34	
199.291	481.13	
199.755	343.03	
200.22	450.7	
200.685	399.21	
201.149	462.4	
201.614	443.68	
202.078	446.02	
202.543	420.27	
203.007	413.25	
203.471	490.49	
203.936	453.04	
204.4	530.28	
204.864	483.47	
205.328	495.17	
205.792	439	
206.256	499.85	
206.72	539.64	
207.184	492.83	
207.648	469.42	
208.112	422.61	
208.576	476.45	
209.039	502.19	
209.503	446.02	
209.967	481.13	
210.43	499.85	
210.894	464.74	
211.357	520.92	
211.821	488.15	
212.284	462.4	
212.747	448.36	
213.211	403.89	
213.674	492.83	
214.137	476.45	
214.6	513.89	
215.063	502.19	
215.526	457.72	
215.989	441.34	
216.452	455.38	
216.915	375.8	
217.378	441.34	
217.841	441.34	
218.304	410.91	
218.767	413.25	
219.229	401.55	
219.692	410.91	
220.154	420.27	
220.617	389.85	
221.079	415.59	
221.542	408.57	
222.004	431.98	
222.467	408.57	
222.929	478.79	
223.391	424.95	
223.853	455.38	
224.315	415.59	
224.777	436.66	
225.239	415.59	
225.701	378.14	
226.163	408.57	
226.625	434.32	
227.087	361.76	
227.549	453.04	
228.011	429.63	
228.472	436.66	
228.934	387.5	
229.396	399.21	
229.857	443.68	
230.319	399.21	
230.78	394.53	
231.242	448.36	
231.703	413.25	
232.164	373.46	
232.626	436.66	
233.087	467.08	
233.548	469.42	
234.009	424.95	
234.47	460.06	
234.931	436.66	
235.392	436.66	
235.853	368.78	
236.314	443.68	
236.775	443.68	
237.235	464.74	
237.696	455.38	
238.157	439	
238.618	424.95	
239.078	462.4	
239.539	441.34	
239.999	492.83	
240.46	455.38	
240.92	448.36	
241.38	439	
241.841	392.19	
242.301	399.21	
242.761	478.79	
243.221	483.47	
243.681	474.1	
244.141	474.1	
244.601	492.83	
245.061	392.19	
245.521	474.1	
245.981	441.34	
246.441	417.93	
246.901	549	
247.36	492.83	
247.82	511.55	
248.28	467.08	
248.739	436.66	
249.199	511.55	
249.658	474.1	
250.117	455.38	
250.577	380.48	
251.036	474.1	
251.495	563.05	
251.955	441.34	
252.414	431.98	
252.873	436.66	
253.332	431.98	
253.791	453.04	
254.25	382.82	
254.709	462.4	
255.168	431.98	
255.627	481.13	
256.085	504.53	
256.544	431.98	
257.003	424.95	
257.461	467.08	
257.92	518.57	
258.379	394.53	
258.837	453.04	
259.295	490.49	
259.754	516.23	
260.212	471.76	
260.67	471.76	
261.129	462.4	
261.587	420.27	
262.045	457.72	
262.503	485.81	
262.961	429.63	
263.419	424.95	
263.877	441.34	
264.335	422.61	
264.793	422.61	
265.251	450.7	
265.708	457.72	
266.166	485.81	
266.624	471.76	
267.081	518.57	
267.539	462.4	
267.996	450.7	
268.454	478.79	
268.911	439	
269.369	462.4	
269.826	434.32	
270.283	462.4	
270.74	499.85	
271.198	525.6	
271.655	373.46	
272.112	457.72	
272.569	420.27	
273.026	556.02	
273.483	457.72	
273.94	464.74	
274.396	520.92	
274.853	488.15	
275.31	443.68	
275.767	446.02	
276.223	446.02	
276.68	413.25	
277.136	485.81	
277.593	439	
278.049	478.79	
278.506	534.96	
278.962	495.17	
279.418	469.42	
279.874	441.34	
280.331	429.63	
280.787	462.4	
281.243	431.98	
281.699	485.81	
282.155	504.53	
282.611	483.47	
283.067	504.53	
283.522	490.49	
283.978	394.53	
284.434	371.12	
284.89	417.93	
285.345	492.83	
285.801	415.59	
286.256	392.19	
286.712	488.15	
287.167	497.51	
287.623	450.7	
288.078	490.49	
288.533	455.38	
288.989	481.13	
289.444	509.21	
289.899	396.87	
290.354	462.4	
290.809	506.87	
291.264	518.57	
291.719	396.87	
292.174	513.89	
292.629	457.72	
293.084	546.66	
293.538	476.45	
293.993	523.26	
294.448	525.6	
294.902	455.38	
295.357	467.08	
295.811	408.57	
296.266	441.34	
296.72	420.27	
297.174	441.34	
297.629	464.74	
298.083	488.15	
298.537	476.45	
298.991	534.96	
299.446	509.21	
299.9	483.47	
300.354	499.85	
300.808	534.96	
301.261	546.66	
301.715	499.85	
302.169	511.55	
302.623	476.45	
303.077	509.21	
303.53	471.76	
303.984	499.85	
304.437	478.79	
304.891	431.98	
305.344	509.21	
305.798	504.53	
306.251	504.53	
306.704	574.75	
307.158	607.52	
307.611	570.07	
308.064	651.99	
308.517	680.07	
308.97	729.22	
309.423	750.29	
309.876	769.01	
310.329	778.37	
310.782	806.46	
311.235	867.31	
311.688	930.51	
312.14	1028.81	
312.593	1150.52	
313.046	1173.92	
313.498	1326.06	
313.951	1347.12	
314.403	1452.45	
314.856	1489.9	
315.308	1679.48	
315.76	1719.27	
316.213	1756.72	
316.665	1763.74	
317.117	1763.74	
317.569	1819.91	
318.021	1887.79	
318.473	2107.8	
318.925	2465.9	
319.377	2348.87	
319.829	2423.77	
320.281	2496.33	
320.733	2634.42	
321.184	2629.74	
321.636	2884.86	
322.088	2964.43	
322.539	3081.46	
322.991	3065.08	
323.442	2987.84	
323.894	3036.99	
324.345	2987.84	
324.796	3060.4	
325.248	3200.83	
325.699	3388.07	
326.15	3603.4	
326.601	3664.25	
327.052	3956.82	
327.503	4481.1	
327.954	4930.48	
328.405	4897.72	
328.856	4900.06	
329.307	4944.53	
329.758	4864.95	
330.208	5108.37	
330.659	5494.55	
331.11	5733.29	
331.56	5953.3	
332.011	5904.15	
332.461	5847.97	
332.912	5759.03	
333.362	5850.32	
333.813	5918.19	
334.263	5890.1	
334.713	5744.99	
335.163	5887.76	
335.613	5932.23	
336.063	5967.34	
336.513	6196.71	
336.963	6030.54	
337.413	5927.55	
337.863	5744.99	
338.313	5419.66	
338.763	5445.4	
339.213	5850.32	
339.662	5981.39	
340.112	6250.55	
340.562	6456.51	
341.011	6671.84	
341.461	6732.7	
341.91	6891.85	
342.359	6877.81	
342.809	6587.58	
343.258	6704.61	
343.707	6683.55	
344.156	6941	
344.606	7022.92	
345.055	6718.65	
345.504	6271.61	
345.953	6194.37	
346.402	6285.65	
346.85	6440.13	
347.299	6573.54	
347.748	6732.7	
348.197	6952.71	
348.645	6870.79	
349.094	6798.23	
349.543	6575.88	
349.991	6800.57	
350.44	6929.3	
350.888	6788.87	
351.336	7217.19	
351.785	7479.33	
352.233	7558.91	
352.681	7647.85	
353.13	7352.94	
353.578	7378.69	
354.026	7317.83	
354.474	7418.47	
354.922	7837.43	
355.37	8087.87	
355.818	8368.73	
356.265	8544.27	
356.713	8345.33	
357.161	8162.76	
357.609	7893.6	
358.056	7500.39	
358.504	7055.69	
358.951	6716.31	
359.399	6428.43	
359.846	6374.6	
360.294	6622.69	
360.741	7032.29	
361.188	7928.71	
361.635	8076.16	
362.083	8005.95	
362.53	7680.61	
362.977	7619.76	
363.424	7743.81	
363.871	7959.14	
364.318	8420.22	
364.765	8504.48	
365.211	8399.16	
365.658	8452.99	
366.105	8790.03	
366.552	9061.53	
366.998	9309.63	
367.445	10316.06	
367.891	10309.04	
368.338	10290.31	
368.784	10515	
369.231	10147.54	
369.677	9728.58	
370.123	9815.18	
370.569	10297.33	
371.016	10592.24	
371.462	10650.75	
371.908	10461.17	
372.354	10231.8	
372.8	10159.24	
373.246	10255.2	
373.692	9803.48	
374.137	9445.38	
374.583	9026.42	
375.029	8841.52	
375.475	8490.44	
375.92	8350.01	
376.366	8600.44	
376.811	9005.36	
377.257	9562.4	
377.702	9929.87	
378.147	10084.34	
378.593	10500.96	
379.038	11362.28	
379.483	12052.73	
379.928	11722.72	
380.374	11622.08	
380.819	10861.4	
381.264	10510.32	
381.709	10475.21	
382.153	10662.46	
382.598	10737.35	
383.043	10227.12	
383.488	9180.9	
383.933	8375.75	
384.377	7444.22	
384.822	7247.62	
385.266	7409.11	
385.711	8132.34	
386.155	9012.38	
386.6	9787.1	
387.044	9623.26	
387.488	9637.3	
387.933	9658.37	
388.377	9817.52	
388.821	9852.63	
389.265	9972	
389.709	9801.14	
390.153	9864.33	
390.597	10571.18	
391.041	11299.08	
391.485	11973.16	
391.929	12364.03	
392.372	12593.4	
392.816	12768.94	
393.26	12687.02	
393.703	11601.01	
394.147	9859.65	
394.59	8350.01	
395.034	7692.32	
395.477	7975.52	
395.921	9454.74	
396.364	11050.99	
396.807	12172.1	
397.25	12101.89	
397.693	10809.91	
398.137	9691.13	
398.58	9178.56	
399.023	10419.04	
399.466	12172.1	
399.908	14320.71	
400.351	15732.06	
400.794	17108.29	
401.237	17405.54	
401.679	17936.84	
402.122	17981.31	
402.565	18699.86	
403.007	18760.71	
403.45	19514.36	
403.892	19329.46	
404.334	19385.63	
404.777	19416.06	
405.219	19423.08	
405.661	19018.17	
406.103	18936.25	
406.546	18749.01	
406.988	18959.66	
407.43	18702.2	
407.872	18428.35	
408.314	18889.44	
408.755	18238.77	
409.197	19196.05	
409.639	19189.03	
410.081	19678.2	
410.522	20270.36	
410.964	20342.91	
411.406	19537.77	
411.847	18833.27	
412.289	19137.54	
412.73	20422.49	
413.171	21286.15	
413.613	21183.16	
414.054	21318.92	
414.495	21438.28	
414.936	21143.38	
415.377	21145.72	
415.818	21206.57	
416.259	21115.29	
416.7	21234.66	
417.141	21489.77	
417.582	22044.48	
418.023	21868.94	
418.464	21662.97	
418.904	21339.98	
419.345	20871.87	
419.786	20780.59	
420.226	21300.19	
420.667	21487.43	
421.107	20974.86	
421.547	20811.02	
421.988	21435.94	
422.428	22205.98	
422.868	22660.04	
423.308	22299.6	
423.749	21515.52	
424.189	21094.22	
424.629	21089.54	
425.069	20829.74	
425.509	21332.96	
425.949	21761.28	
426.388	21653.61	
426.828	21300.19	
427.268	20977.2	
427.708	21567.01	
428.147	21438.28	
428.587	21061.46	
429.026	20820.38	
429.466	21318.92	
429.905	19933.32	
430.344	19914.59	
430.784	19638.41	
431.223	18486.87	
431.662	16981.9	
432.101	16738.49	
432.541	17515.55	
432.98	18341.75	
433.419	20059.71	
433.858	21225.29	
434.296	21365.73	
434.735	21464.03	
435.174	21428.92	
435.613	21398.49	
436.052	21639.57	
436.49	22009.37	
436.929	22877.71	
437.367	23987.13	
437.806	24141.6	
438.244	24476.3	
438.683	24118.2	
439.121	23739.03	
439.559	22973.67	
439.998	22746.64	
440.436	22252.79	
440.874	22646	
441.312	23626.68	
441.75	23734.35	
442.188	23603.28	
442.626	25761.25	
443.064	24951.43	
443.502	25845.51	
443.939	26564.06	
444.377	26601.5	
444.815	25976.58	
445.253	26671.72	
445.69	27352.82	
446.128	27331.75	
446.565	27013.44	
447.002	26870.67	
447.44	25906.37	
447.877	25967.22	
448.314	26545.33	
448.752	27547.08	
449.189	27130.47	
449.626	28272.65	
450.063	28387.33	
450.5	28445.85	
450.937	28062	
451.374	29131.62	
451.811	28476.27	
452.248	29681.65	
452.684	29691.01	
453.121	29564.62	
453.558	29328.23	
453.994	28920.98	
454.431	27959.02	
454.867	27645.38	
455.304	28195.41	
455.74	28569.9	
456.176	29218.22	
456.613	28815.65	
457.049	29164.39	
457.485	29646.54	
457.921	29969.54	
458.357	29988.26	
458.793	31205.34	
459.229	30482.11	
459.665	30503.18	
460.101	30557.01	
460.537	30856.6	
460.973	31240.45	
461.408	31687.49	
461.844	31975.37	
462.28	32239.86	
462.715	33339.91	
463.151	32707.96	
463.586	33040.32	
464.022	33936.74	
464.457	34322.93	
464.892	34011.64	
465.328	33559.92	
465.763	33800.99	
466.198	33836.1	
466.633	33365.65	
467.068	33770.57	
467.503	33625.45	
467.938	33698.01	
468.373	34723.16	
468.808	34252.72	
469.243	34138.03	
469.677	34814.44	
470.112	35364.47	
470.547	35441.71	
470.981	36111.1	
471.416	36099.4	
471.85	35839.6	
472.285	36061.95	
472.719	35872.37	
473.153	37756.5	
473.588	37229.88	
474.022	39104.65	
474.456	38924.43	
474.89	39238.06	
475.324	39668.72	
475.758	40225.76	
476.192	41222.83	
476.626	42233.94	
477.06	41772.86	
477.494	41407.73	
477.928	41648.81	
478.361	42545.23	
478.795	44052.54	
479.229	44864.71	
479.662	45243.87	
480.096	45562.18	
480.529	46968.85	
480.962	47128	
481.396	47399.51	
481.829	47986.98	
482.262	48169.54	
482.695	49447.47	
483.129	49807.92	
483.562	50163.68	
483.995	50622.42	
484.428	51181.81	
484.861	50767.54	
485.294	51055.42	
485.726	50531.14	
486.159	50886.9	
486.592	50210.49	
487.024	48455.09	
487.457	46950.12	
487.89	45648.78	
488.322	46219.88	
488.755	47961.23	
489.187	49129.16	
489.619	50252.62	
490.052	51113.94	
490.484	51858.23	
490.916	52607.2	
491.348	53683.84	
491.78	54156.63	
492.212	54283.02	
492.644	54084.08	
493.076	53508.3	
493.508	53466.17	
493.94	53669.8	
494.372	53709.59	
494.804	54386	
495.235	54486.65	
495.667	54840.07	
496.098	56146.09	
496.53	55860.54	
496.961	56143.75	
497.393	55888.63	
497.824	56661.01	
498.256	56682.07	
498.687	56895.06	
499.118	56436.31	
499.549	56323.97	
499.98	55759.9	
500.411	56359.08	
500.842	56443.34	
501.273	56228.01	
501.704	56260.77	
502.135	55364.35	
502.566	55860.54	
502.997	55195.83	
503.427	55397.12	
503.858	55488.4	
504.289	56066.51	
504.719	56417.59	
505.15	56136.73	
505.58	56335.67	
506.01	56417.59	
506.441	56829.52	
506.871	57501.26	
507.301	58371.94	
507.731	58100.43	
508.161	58334.49	
508.592	58142.56	
509.022	57943.62	
509.451	57442.74	
509.881	57592.54	
510.311	58332.15	
510.741	58470.24	
511.171	58624.71	
511.6	58514.71	
512.03	58533.43	
512.46	58978.14	
512.889	59055.37	
513.319	59347.94	
513.748	58826	
514.178	58975.79	
514.607	58472.58	
515.036	58603.65	
515.465	58329.81	
515.895	58301.72	
516.324	58053.62	
516.753	58734.72	
517.182	57845.32	
517.611	57983.41	
518.04	56490.15	
518.469	55130.29	
518.897	55041.35	
519.326	54606.01	
519.755	55113.91	
520.183	55383.07	
520.612	56398.87	
521.041	57314.01	
521.469	57915.53	
521.898	58439.81	
522.326	58538.11	
522.754	58779.19	
523.183	58837.7	
523.611	58980.48	
524.039	58634.08	
524.467	58809.62	
524.895	58620.03	
525.323	59212.19	
525.751	59366.66	
526.179	59652.21	
526.607	59755.19	
527.035	59514.12	
527.463	58861.11	
527.89	57674.46	
528.318	57213.37	
528.745	56623.56	
529.173	57138.47	
529.601	58128.52	
530.028	58821.32	
530.455	59640.51	
530.883	59626.46	
531.31	59509.44	
531.737	59890.94	
532.164	59675.62	
532.592	60047.76	
533.019	60349.69	
533.446	59420.5	
533.873	59031.97	
534.3	58521.73	
534.726	58177.67	
535.153	58783.87	
535.58	58884.51	
536.007	58807.28	
536.433	59380.71	
536.86	59738.81	
537.287	60204.58	
537.713	59586.67	
538.139	59593.7	
538.566	59273.04	
538.992	59193.46	
539.418	59146.65	
539.845	59188.78	
540.271	58816.64	
540.697	58914.94	
541.123	58486.62	
541.549	58210.44	
541.975	58025.54	
542.401	58385.98	
542.827	58023.2	
543.253	58381.3	
543.678	58744.08	
544.104	58865.79	
544.53	58830.68	
544.955	58907.92	
545.381	59076.44	
545.806	59038.99	
546.232	59282.41	
546.657	59455.6	
547.083	59256.66	
547.508	59270.7	
547.933	59074.1	
548.358	59088.14	
548.783	58856.43	
549.209	58788.55	
549.634	58566.2	
550.059	58627.06	
550.483	59003.88	
550.908	59053.03	
551.333	59237.93	
551.758	59282.41	
552.183	59256.66	
552.607	59078.78	
553.032	59249.64	
553.456	59453.26	
553.881	59153.68	
554.305	59130.27	
554.73	58924.3	
555.154	59165.38	
555.578	58723.02	
556.003	59261.34	
556.427	59057.71	
556.851	59081.12	
557.275	58748.76	
557.699	58236.19	
558.123	58589.61	
558.547	57997.45	
558.971	57938.94	
559.395	57772.76	
559.818	57365.51	
560.242	57206.35	
560.666	56501.85	
561.089	56923.15	
561.513	56675.05	
561.936	57084.64	
562.36	57117.41	
562.783	57459.13	
563.206	57328.06	
563.63	57325.72	
564.053	57126.77	
564.476	57133.79	
564.899	57098.69	
565.322	56831.86	
565.745	56986.34	
566.168	56881.02	
566.591	56478.44	
567.014	56595.47	
567.437	56246.73	
567.86	56366.1	
568.282	56384.82	
568.705	56450.36	
569.128	56405.89	
569.55	56618.88	
569.973	56328.65	
570.395	56651.64	
570.817	56768.67	
571.24	56529.94	
571.662	56740.58	
572.084	56291.2	
572.506	56391.84	
572.928	56103.96	
573.35	56527.59	
573.772	56899.74	
574.194	57077.62	
574.616	56976.98	
575.038	57204.01	
575.46	57026.13	
575.882	56843.57	
576.303	56562.7	
576.725	55649.89	
577.147	55324.56	
577.568	55104.55	
577.99	54985.18	
578.411	55134.98	
578.832	54884.54	
579.254	54173.02	
579.675	53997.48	
580.096	53667.46	
580.517	53784.49	
580.938	53531.71	
581.36	53910.88	
581.781	53852.36	
582.201	54116.84	
582.622	54348.56	
583.043	54428.13	
583.464	54500.69	
583.885	54603.67	
584.305	54664.53	
584.726	54636.44	
585.147	54133.23	
585.567	54505.37	
585.988	54144.93	
586.408	54203.44	
586.828	53665.12	
587.249	52721.88	
587.669	52513.58	
588.089	52754.65	
588.509	52494.85	
588.929	52473.79	
589.349	51982.27	
589.769	50929.03	
590.189	49704.93	
590.609	48153.16	
591.029	47266.09	
591.449	47783.35	
591.868	48113.37	
592.288	49028.52	
592.708	49782.17	
593.127	50257.3	
593.547	49620.67	
593.966	50470.29	
594.386	50304.11	
594.805	50624.76	
595.224	51209.9	
595.643	50751.15	
596.063	50711.36	
596.482	50156.66	
596.901	50882.22	
597.32	50945.42	
597.739	51624.17	
598.158	51656.94	
598.577	51874.61	
598.995	51900.36	
599.414	52181.22	
599.833	52206.97	
600.252	52551.02	
600.67	52930.19	
601.089	52635.28	
601.507	53000.41	
601.926	53035.52	
602.344	53115.09	
602.762	52761.67	
603.181	52277.18	
603.599	52852.95	
604.017	52934.87	
604.435	52984.02	
604.853	53117.43	
605.271	53360.85	
605.689	53419.36	
606.107	52965.3	
606.525	52806.14	
606.943	52654.01	
607.36	52335.7	
607.778	52054.83	
608.196	52089.94	
608.613	51523.53	
609.031	51228.62	
609.448	50891.58	
609.866	50053.67	
610.283	49985.8	
610.7	49285.98	
611.118	48562.75	
611.535	48656.37	
611.952	48569.77	
612.369	47432.27	
612.786	47947.19	
613.203	47858.25	
613.62	46819.05	
614.037	46826.07	
614.454	46622.45	
614.87	45854.75	
615.287	45281.32	
615.704	44672.78	
616.12	45000.46	
616.537	44621.29	
616.953	44265.53	
617.37	43848.91	
617.786	42945.47	
618.203	42762.9	
618.619	41843.07	
619.035	42957.17	
619.451	42491.4	
619.868	42840.14	
620.284	42673.96	
620.7	42301.82	
621.116	42259.69	
621.531	42215.22	
621.947	42505.45	
622.363	42264.37	
622.779	41782.22	
623.195	41508.38	
623.61	41019.2	
624.026	40738.34	
624.441	40813.24	
624.857	40333.43	
625.272	39397.21	
625.688	39394.87	
626.103	39582.12	
626.518	39006.34	
626.933	38697.39	
627.349	38589.73	
627.764	38493.77	
628.179	38376.74	
628.594	38322.91	
629.009	37456.91	
629.424	37328.18	
629.838	36883.48	
630.253	36712.62	
630.668	36562.82	
631.083	36438.78	
631.497	36193.02	
631.912	36780.49	
632.326	36080.67	
632.741	36178.98	
633.155	35874.71	
633.57	35469.79	
633.984	35483.84	
634.398	36083.02	
634.812	36230.47	
635.226	36284.3	
635.64	35624.27	
636.054	35968.33	
636.468	36094.72	
636.882	35329.36	
637.296	35380.85	
637.71	35762.36	
638.124	35334.04	
638.537	35888.75	
638.951	35647.68	
639.365	35603.21	
639.778	35792.79	
640.192	35968.33	
640.605	34957.22	
641.019	35226.38	
641.432	35011.05	
641.845	34545.28	
642.258	34875.3	
642.672	34360.38	
643.085	33985.9	
643.498	34402.51	
643.911	33695.67	
644.324	34133.35	
644.737	33566.94	
645.149	33782.27	
645.562	34177.82	
645.975	33665.24	
646.388	33578.64	
646.8	33122.24	
647.213	32832.01	
647.625	32843.71	
648.038	32722.01	
648.45	32511.36	
648.862	32029.21	
649.275	31944.95	
649.687	31863.03	
650.099	31296.62	
650.511	31373.86	
650.923	30505.52	
651.335	30407.22	
651.747	31240.45	
652.159	30826.17	
652.571	31671.11	
652.983	31348.11	
653.395	31060.23	
653.806	31041.5	
654.218	31036.82	
654.63	30971.29	
655.041	31043.84	
655.453	30966.6	
655.864	30503.18	
656.275	29840.81	
656.687	29208.86	
657.098	28026.89	
657.509	27310.69	
657.92	26283.19	
658.332	26273.83	
658.743	27203.02	
659.154	27671.13	
659.565	28502.02	
659.975	28689.26	
660.386	28707.99	
660.797	29000.55	
661.208	28738.41	
661.618	29119.92	
662.029	29274.4	
662.44	29400.79	
662.85	29548.24	
663.261	29501.43	
663.671	29386.74	
664.081	29295.46	
664.492	29302.48	
664.902	28764.16	
665.312	28722.03	
665.722	28125.19	
666.132	28525.43	
666.542	28555.85	
666.952	28356.91	
667.362	28017.53	
667.772	27841.99	
668.182	27839.65	
668.591	27650.06	
669.001	27427.71	
669.411	27062.59	
669.82	27783.48	
670.23	27081.31	
670.639	27191.32	
671.049	26861.3	
671.458	26931.52	
671.867	26711.51	
672.277	26425.96	
672.686	26306.6	
673.095	26058.5	
673.504	25967.22	
673.913	25922.75	
674.322	25611.46	
674.731	25761.25	
675.14	25772.96	
675.549	25574.01	
675.957	25686.36	
676.366	25344.64	
676.775	25218.25	
677.183	25569.33	
677.592	25012.28	
678	25110.58	
678.409	24719.71	
678.817	24497.36	
679.226	24691.63	
679.634	24581.62	
680.042	24293.74	
680.45	24148.62	
680.858	24033.94	
681.266	23900.53	
681.674	23724.99	
682.082	23743.71	
682.49	23633.71	
682.898	23231.13	
683.306	23345.82	
683.714	23053.25	
684.121	23465.19	
684.529	22978.36	
684.936	22641.32	
685.344	22671.75	
685.751	22463.44	
686.159	22346.41	
686.566	22046.82	
686.973	21840.86	
687.381	21590.42	
687.788	20197.8	
688.195	18332.39	
688.602	17241.7	
689.009	16703.38	
689.416	16275.06	
689.823	16457.62	
690.23	16715.08	
690.636	16488.05	
691.043	17164.46	
691.45	17122.34	
691.857	17705.13	
692.263	17805.77	
692.67	18194.3	
693.076	18447.08	
693.483	18393.25	
693.889	18269.2	
694.295	18786.46	
694.701	18503.25	
695.108	18386.22	
695.514	18791.14	
695.92	18498.57	
696.326	18458.78	
696.732	18404.95	
697.138	18514.95	
697.544	18629.64	
697.949	19146.9	
698.355	19184.35	
698.761	19128.17	
699.167	19268.61	
699.572	19006.47	
699.978	18770.07	
700.383	18667.09	
700.789	18634.32	
701.194	18414.31	
701.599	18320.69	
702.004	18051.53	
702.41	18070.25	
702.815	18147.49	
703.22	17812.79	
703.625	17794.07	
704.03	17908.76	
704.435	17796.41	
704.84	18301.97	
705.245	18182.6	
705.649	17925.14	
706.054	17985.99	
706.459	18070.25	
706.863	18018.76	
707.268	18255.15	
707.672	18074.93	
708.077	18166.21	
708.481	18063.23	
708.885	18046.85	
709.29	17925.14	
709.694	18014.08	
710.098	18100.68	
710.502	17810.45	
710.906	17723.85	
711.31	17775.34	
711.714	17946.2	
712.118	17599.8	
712.522	17515.55	
712.926	17964.93	
713.329	17517.89	
713.733	17489.8	
714.137	17475.76	
714.54	17386.82	
714.944	17157.44	
715.347	17276.81	
715.75	17201.91	
716.154	17026.37	
716.557	16644.87	
716.96	16567.63	
717.363	16364	
717.767	15750.78	
718.17	15603.33	
718.573	14709.24	
718.976	14030.49	
719.378	13253.43	
719.781	13110.66	
720.184	12738.51	
720.587	12244.66	
720.989	12092.52	
721.392	11919.32	
721.795	12118.27	
722.197	12560.63	
722.6	13159.81	
723.002	13435.99	
723.404	13943.89	
723.807	14257.52	
724.209	14086.66	
724.611	13435.99	
725.013	13045.12	
725.415	12853.2	
725.817	12813.41	
726.219	12836.81	
726.621	12216.57	
727.023	12277.43	
727.425	12560.63	
727.826	12523.18	
728.228	12577.01	
728.63	12593.4	
729.031	12389.77	
729.433	12396.79	
729.834	12289.13	
730.236	12310.19	
730.637	12310.19	
731.038	12230.62	
731.44	12366.37	
731.841	12321.9	
732.242	12738.51	
732.643	12593.4	
733.044	12871.92	
733.445	12799.37	
733.846	12862.56	
734.247	13080.23	
734.647	13424.29	
735.048	13688.77	
735.449	13850.27	
735.849	14096.02	
736.25	13667.7	
736.65	13641.96	
737.051	13419.61	
737.451	13546	
737.852	13431.31	
738.252	13361.09	
738.652	13405.56	
739.052	13854.95	
739.453	13187.89	
739.853	13272.15	
740.253	13410.25	
740.653	13000.65	
741.052	13393.86	
741.452	13272.15	
741.852	12981.93	
742.252	13218.32	
742.651	13047.46	
743.051	13028.74	
743.451	12878.94	
743.85	12850.86	
744.25	12977.25	
744.649	13370.46	
745.048	13000.65	
745.448	13211.3	
745.847	13047.46	
746.246	12839.15	
746.645	13031.08	
747.044	12818.09	
747.443	12792.34	
747.842	12677.66	
748.241	12740.85	
748.64	12743.19	
749.039	12478.71	
749.438	12324.24	
749.836	12530.2	
750.235	12457.65	
750.633	12427.22	
751.032	12265.72	
751.43	12136.99	
751.829	12324.24	
752.227	11966.14	
752.625	12108.91	
753.024	12104.23	
753.422	12141.68	
753.82	12202.53	
754.218	12474.03	
754.616	12478.71	
755.014	12270.4	
755.412	12523.18	
755.81	12572.33	
756.208	12380.41	
756.605	12467.01	
757.003	12495.1	
757.401	12312.53	
757.798	12064.44	
758.196	12375.73	
758.593	12172.1	
758.99	11947.41	
759.388	11977.84	
759.785	11853.79	
760.182	11296.74	
760.58	9646.66	
760.977	7924.03	
761.374	6192.03	
761.771	4511.53	
762.168	3423.18	
762.565	3252.32	
762.961	3359.99	
763.358	3636.17	
763.755	3750.85	
764.152	3816.39	
764.548	3823.41	
764.945	3881.92	
765.341	3814.05	
765.738	4233.01	
766.134	4607.49	
766.53	5077.94	
766.927	5543.71	
767.323	6313.74	
767.719	6674.18	
768.115	7151.65	
768.511	7586.99	
768.907	8022.33	
769.303	8438.95	
769.699	8726.83	
770.095	8993.65	
770.491	9098.98	
770.886	9311.97	
771.282	9197.28	
771.678	9290.9	
772.073	9143.45	
772.469	9265.16	
772.864	9307.29	
773.26	9225.37	
773.655	9225.37	
774.05	9096.64	
774.445	8792.37	
774.841	9089.62	
775.236	8841.52	
775.631	8888.33	
776.026	8717.47	
776.421	8771.3	
776.816	8722.15	
777.21	8738.54	
777.605	8719.81	
778	8687.04	
778.395	8502.14	
778.789	8792.37	
779.184	8584.06	
779.578	8546.61	
779.973	8328.94	
780.367	8424.9	
780.761	8382.77	
781.156	8403.84	
781.55	8277.45	
781.944	8122.98	
782.338	8225.96	
782.732	8106.59	
783.126	8043.4	
783.52	8097.23	
783.914	8066.8	
784.308	7949.78	
784.701	7757.85	
785.095	7872.54	
785.489	7739.13	
785.882	7762.53	
786.276	7507.41	
786.669	7519.12	
787.063	7612.74	
787.456	7631.46	
787.85	7633.8	
788.243	7383.37	
788.636	7432.52	
789.029	7259.32	
789.422	7161.02	
789.815	7371.66	
790.208	7121.23	
790.601	7139.95	
790.994	6931.64	
791.387	6774.83	
791.78	6814.62	
792.172	6891.85	
792.565	6966.75	
792.957	6697.59	
793.35	6592.27	
793.742	6751.42	
794.135	6655.46	
794.527	6412.04	
794.919	6744.4	
795.312	6646.1	
795.704	6472.9	
796.096	6353.53	
796.488	6545.45	
796.88	6524.39	
797.272	6334.81	
797.664	6426.09	
798.056	6423.75	
798.448	6234.16	
798.839	6175.65	
799.231	6245.87	
799.623	6145.22	
800.014	6135.86	
800.406	6236.5	
800.797	6189.69	
801.189	6084.37	
801.58	6065.64	
801.971	5957.98	
802.362	5836.27	
802.754	5691.16	
803.145	5847.97	
803.536	5721.59	
803.927	5677.12	
804.318	5634.99	
804.709	5604.56	
805.099	5698.18	
805.49	5728.61	
805.881	5555.41	
806.272	5496.89	
806.662	5613.92	
807.053	5450.08	
807.443	5735.63	
807.834	5620.94	
808.224	5429.02	
808.614	5520.3	
809.005	5414.98	
809.395	5431.36	
809.785	5616.26	
810.175	5286.25	
810.565	5328.38	
810.955	5241.78	
811.345	5152.84	
811.735	5080.28	
812.125	5103.68	
812.515	4979.64	
812.904	4935.17	
813.294	4923.46	
813.684	4883.67	
814.073	4778.35	
814.463	4658.98	
814.852	4380.46	
815.241	4551.32	
815.631	4289.18	
816.02	4249.39	
816.409	4134.7	
816.798	3797.67	
817.187	3673.62	
817.576	3851.5	
817.965	3797.67	
818.354	3643.19	
818.743	3629.15	
819.132	3692.34	
819.521	3551.91	
819.909	3732.13	
820.298	3753.2	
820.686	3694.68	
821.075	3650.21	
821.463	3706.38	
821.852	3704.04	
822.24	3952.14	
822.628	3914.69	
823.017	3924.05	
823.405	3867.88	
823.793	3587.02	
824.181	3472.33	
824.569	3261.68	
824.957	3313.17	
825.345	3453.61	
825.733	3565.95	
826.12	3675.96	
826.508	3598.72	
826.896	3746.17	
827.283	3825.75	
827.671	3853.84	
828.059	3764.9	
828.446	3682.98	
828.833	3725.11	
829.221	3572.97	
829.608	3512.12	
829.995	3458.29	
830.382	3448.93	
830.769	3498.08	
831.156	3516.8	
831.543	3519.14	
831.93	3355.3	
832.317	3364.67	
832.704	3348.28	
833.091	3418.5	
833.477	3488.71	
833.864	3327.22	
834.251	3369.35	
834.637	3343.6	
835.024	3397.43	
835.41	3367.01	
835.796	3327.22	
836.183	3413.82	
836.569	3486.37	
836.955	3413.82	
837.341	3502.76	
837.727	3425.52	
838.113	3418.5	
838.499	3425.52	
838.885	3367.01	
839.271	3313.17	
839.657	3357.64	
840.043	3331.9	
840.428	3460.63	
840.814	3432.54	
841.199	3268.7	
841.585	3334.24	
841.97	3292.11	
842.356	3395.09	
842.741	3264.02	
843.126	3331.9	
843.512	3182.1	
843.897	3137.63	
844.282	3259.34	
844.667	3306.15	
845.052	3198.49	
845.437	3217.21	
845.822	3182.1	
846.206	3191.47	
846.591	3200.83	
846.976	3067.42	
847.361	3156.36	
847.745	3189.13	
848.13	3137.63	
848.514	3175.08	
848.899	3062.74	
849.283	2962.09	
849.667	3020.61	
850.051	3032.31	
850.436	3046.35	
850.82	2845.07	
851.204	2816.98	
851.588	2650.8	
851.972	2735.06	
852.356	2807.62	
852.74	2655.48	
853.123	2795.92	
853.507	2919.96	
853.891	2760.81	
854.274	2749.11	
854.658	2791.24	
855.041	2660.17	
855.425	2444.84	
855.808	2374.62	
856.192	2435.47	
856.575	2554.84	
856.958	2465.9	
857.341	2498.67	
857.724	2538.46	
858.107	2648.46	
858.49	2571.22	
858.873	2681.23	
859.256	2510.37	
859.639	2671.87	
860.022	2725.7	
860.404	2608.67	
860.787	2662.51	
861.17	2573.57	
861.552	2536.12	
861.935	2578.25	
862.317	2529.1	
862.699	2475.26	
863.082	2440.15	
863.464	2543.14	
863.846	2405.05	
864.228	2479.94	
864.61	2419.09	
864.992	2421.43	
865.374	2402.71	
865.756	2271.64	
866.138	2327.81	
866.52	2348.87	
866.902	2248.23	
867.283	2220.14	
867.665	2178.01	
868.046	2112.48	
868.428	2145.25	
868.809	2105.46	
869.191	2110.14	
869.572	2168.65	
869.953	2135.89	
870.335	2063.33	
870.716	2178.01	
871.097	2124.18	
871.478	2112.48	
871.859	2105.46	
872.24	2086.73	
872.621	2089.07	
873.001	2159.29	
873.382	2154.61	
873.763	2070.35	
874.143	2121.84	
874.524	2147.59	
874.905	1995.45	
875.285	1983.75	
875.665	1955.66	
876.046	1911.19	
876.426	1974.39	
876.806	1838.64	
877.186	1939.28	
877.567	1878.43	
877.947	1936.94	
878.327	1887.79	
878.707	2035.24	
879.086	1922.9	
879.466	1906.51	
879.846	2018.86	
880.226	1967.37	
880.605	1904.17	
880.985	1768.42	
881.365	1808.21	
881.744	1812.89	
882.124	1876.09	
882.503	1829.27	
882.882	1780.12	
883.261	1773.1	
883.641	1667.78	
884.02	1768.42	
884.399	1819.91	
884.778	1857.36	
885.157	1796.51	
885.536	1876.09	
885.915	1752.04	
886.293	1852.68	
886.672	1777.78	
887.051	1915.87	
887.429	1927.58	
887.808	1819.91	
888.186	1850.34	
888.565	1826.93	
888.943	1822.25	
889.322	1929.92	
889.7	1801.19	
890.078	1766.08	
890.456	1965.03	
890.834	2004.82	
891.212	1852.68	
891.59	1913.53	
891.968	2023.54	
892.346	1953.32	
892.724	1997.79	
893.102	1873.75	
893.479	2007.16	
893.857	2035.24	
894.235	1901.83	
894.612	1904.17	
894.99	1908.85	
895.367	1965.03	
895.744	1913.53	
896.122	1833.96	
896.499	1716.93	
896.876	1822.25	
897.253	1691.18	
897.63	1674.8	
898.007	1546.07	
898.384	1557.77	
898.761	1438.41	
899.138	1499.26	
899.515	1536.71	
899.891	1496.92	
900.268	1370.53	
900.645	1330.74	
901.021	1220.74	
901.398	1220.74	
901.774	1316.7	
902.15	1267.55	
902.527	1164.56	
902.903	1248.82	
903.279	1056.9	
903.655	1120.09	
904.031	1183.29	
904.407	1099.03	
904.783	1197.33	
905.159	1157.54	
905.535	1143.5	
905.911	1234.78	
906.287	1159.88	
906.662	1232.44	
907.038	1255.84	
907.413	1173.92	
907.789	1199.67	
908.164	1124.77	
908.54	1115.41	
908.915	1117.75	
909.29	1047.54	
909.666	1061.58	
910.041	1000.73	
910.416	977.32	
910.791	949.23	
911.166	951.57	
911.541	935.19	
911.916	960.94	
912.29	883.7	
912.665	907.1	
913.04	974.98	
913.414	960.94	
913.789	928.17	
914.163	977.32	
914.538	909.44	
914.912	869.66	
915.287	876.68	
915.661	879.02	
916.035	841.57	
916.409	855.61	
916.783	834.55	
917.157	797.1	
917.531	886.04	
917.905	853.27	
918.279	907.1	
918.653	897.74	
919.027	939.87	
919.4	797.1	
919.774	860.29	
920.148	801.78	
920.521	773.69	
920.895	836.89	
921.268	907.1	
921.641	857.95	
922.015	867.31	
922.388	834.55	
922.761	907.1	
923.134	904.76	
923.507	951.57	
923.88	876.68	
924.253	846.25	
924.626	914.13	
924.999	914.13	
925.372	904.76	
925.744	764.33	
926.117	761.99	
926.489	773.69	
926.862	853.27	
927.234	769.01	
927.607	829.87	
927.979	818.16	
928.352	801.78	
928.724	832.21	
929.096	757.31	
929.468	703.48	
929.84	780.71	
930.212	708.16	
930.584	670.71	
930.956	750.29	
931.328	630.92	
931.7	644.96	
932.071	600.49	
932.443	605.17	
932.814	621.56	
933.186	612.2	
933.557	549	
933.929	630.92	
934.3	520.92	
934.672	509.21	
935.043	476.45	
935.414	497.51	
935.785	434.32	
936.156	460.06	
936.527	495.17	
936.898	450.7	
937.269	457.72	
937.64	448.36	
938.011	429.63	
938.381	431.98	
938.752	467.08	
939.123	441.34	
939.493	408.57	
939.864	469.42	
940.234	406.23	
940.604	389.85	
940.975	429.63	
941.345	385.16	
941.715	434.32	
942.085	471.76	
942.455	502.19	
942.825	474.1	
943.195	495.17	
943.565	439	
943.935	471.76	
944.305	417.93	
944.675	399.21	
945.044	469.42	
945.414	502.19	
945.783	453.04	
946.153	530.28	
946.522	446.02	
946.892	499.85	
947.261	474.1	
947.63	485.81	
947.999	389.85	
948.369	431.98	
948.738	499.85	
949.107	446.02	
949.476	422.61	
949.844	436.66	
950.213	373.46	
950.582	439	
950.951	389.85	
951.319	364.1	
951.688	441.34	
952.057	417.93	
952.425	450.7	
952.794	441.34	
953.162	422.61	
953.53	396.87	
953.898	483.47	
954.267	392.19	
954.635	406.23	
955.003	406.23	
955.371	462.4	
955.739	357.08	
956.107	436.66	
956.475	448.36	
956.842	485.81	
957.21	443.68	
957.578	462.4	
957.945	389.85	
958.313	422.61	
958.68	455.38	
959.048	378.14	
959.415	471.76	
959.783	502.19	
960.15	340.69	
960.517	417.93	
960.884	415.59	
961.251	354.74	
961.618	460.06	
961.985	448.36	
962.352	483.47	
962.719	424.95	
963.086	399.21	
963.452	485.81	
963.819	422.61	
964.186	446.02	
964.552	429.63	
964.919	408.57	
965.285	464.74	
965.652	476.45	
966.018	431.98	
966.384	422.61	
966.75	417.93	
967.116	446.02	
967.482	413.25	
967.848	406.23	
968.214	509.21	
968.58	483.47	
968.946	502.19	
969.312	439	
969.678	448.36	
970.043	373.46	
970.409	488.15	
970.774	375.8	
971.14	441.34	
971.505	460.06	
971.871	469.42	
972.236	424.95	
972.601	443.68	
972.967	457.72	
973.332	537.3	
973.697	443.68	
974.062	495.17	
974.427	467.08	
974.792	431.98	
975.156	485.81	
975.521	499.85	
975.886	455.38	
976.251	455.38	
976.615	448.36	
976.98	455.38	
977.344	457.72	
977.709	385.16	
978.073	375.8	
978.437	436.66	
978.802	408.57	
979.166	502.19	
979.53	434.32	
979.894	424.95	
980.258	506.87	
980.622	394.53	
980.986	436.66	
981.35	462.4	
981.713	434.32	
982.077	462.4	
982.441	448.36	
982.804	422.61	
983.168	396.87	
983.531	429.63	
983.895	439	
984.258	375.8	
984.621	429.63	
984.985	424.95	
985.348	441.34	
985.711	455.38	
986.074	467.08	
986.437	441.34	
986.8	485.81	
987.163	382.82	
987.526	417.93	
987.888	436.66	
988.251	410.91	
988.614	478.79	
988.976	417.93	
989.339	469.42	
989.701	422.61	
990.064	502.19	
990.426	354.74	
990.788	431.98	
991.151	378.14	
991.513	443.68	
991.875	502.19	
992.237	460.06	
992.599	415.59	
992.961	392.19	
993.323	443.68	
993.685	478.79	
994.046	382.82	
994.408	378.14	
994.77	422.61	
995.131	434.32	
995.493	448.36	
995.854	431.98	
996.216	387.5	
996.577	392.19	
996.938	396.87	
997.299	333.67	
997.661	434.32	
998.022	415.59	
998.383	427.29	
998.744	350.06	
999.105	436.66	
999.465	401.55	
999.826	429.63	
1000.187 403.89	
1000.548 406.23	
1000.908 394.53	
1001.269	375.8	
1001.629	375.8	
1001.99		415.59	
1002.35		359.42	
1002.711	415.59	
1003.071	364.1	
1003.431	410.91	
1003.791	434.32	
1004.151	396.87	
1004.511	406.23	
1004.871	431.98	
1005.231	371.12	
1005.591	354.74	
1005.951	434.32	
1006.311	359.42	
1006.67		406.23	
1007.03		389.85	
1007.389	366.44	
1007.749	410.91	
1008.108	364.1	
1008.468	382.82	
1008.827	436.66	
1009.186	424.95	
1009.545	319.63	
1009.905	375.8	
1010.264	403.89	
1010.623	338.35	
1010.982	410.91	
1011.341	354.74	
1011.699	387.5	
1012.058	457.72	
1012.417	382.82	
1012.776	375.8	
1013.134	333.67	
1013.493	354.74	
1013.851	310.27	
1014.21		314.95	
1014.568	401.55	
1014.926	380.48	
1015.284	450.7	
1015.643	354.74	
1016.001	394.53	
1016.359	408.57	
1016.717	366.44	
1017.075	364.1	
1017.433	389.85	
1017.79		382.82	
1018.148	319.63	
1018.506	303.25	
1018.864	361.76	
1019.221	343.03	
1019.579	347.72	
1019.936	378.14	
1020.294	340.69	
1020.651	385.16	
1021.008	319.63	
1021.365	359.42	
1021.723	284.52	
1022.08		368.78	
1022.437	350.06	
1022.794	420.27	
1023.151	410.91	
1023.507	453.04	
1023.864	410.91	
1024.221	382.82	
1024.578	427.29	
1024.934	305.59	
1025.291	368.78	
1025.647	352.4	
1026.004	352.4	
1026.36		333.67	
1026.717	385.16	
1027.073	410.91	
1027.429	338.35	
1027.785	408.57	
1028.141	371.12	
1028.497	284.52	
1028.853	366.44	
1029.209	340.69	
1029.565	357.08	
1029.921	394.53	
1030.277	321.97	
1030.632	345.38	
1030.988	382.82	
1031.343	340.69	
1031.699	368.78	
1032.054	368.78	
1032.41		368.78	
