FLMS05996_1:101		
187.658	9.07	
188.124	9.07	
188.589	9.07	
189.055	-143.07	
189.521	-124.34	
189.987	-51.78	
190.452	-86.89	
190.918	-96.25	
191.384	-75.19	
191.849	-84.55	
192.314	-26.04	
192.78	-9.65	
193.245	18.43	
193.711	46.52	
194.176	4.39	
194.641	30.13	
195.106	-23.7	
195.571	9.07	
196.037	88.65	
196.502	133.12	
196.967	123.76	
197.431	119.07	
197.896	126.1	
198.361	203.33	
198.826	119.07	
199.291	147.16	
199.755	191.63	
200.22	222.06	
200.685	233.76	
201.149	271.21	
201.614	303.98	
202.078	306.32	
202.543	275.89	
203.007	261.85	
203.471	299.3	
203.936	292.27	
204.4	341.43	
204.864	339.09	
205.328	285.25	
205.792	294.61	
206.256	240.78	
206.72	306.32	
207.184	311	
207.648	339.09	
208.112	268.87	
208.576	313.34	
209.039	261.85	
209.503	273.55	
209.967	339.09	
210.43	243.12	
210.894	296.96	
211.357	313.34	
211.821	311	
212.284	306.32	
212.747	172.91	
213.211	238.44	
213.674	287.59	
214.137	268.87	
214.6	388.24	
215.063	245.46	
215.526	325.04	
215.989	224.4	
216.452	238.44	
216.915	301.64	
217.378	306.32	
217.841	229.08	
218.304	289.93	
218.767	278.23	
219.229	254.83	
219.692	285.25	
220.154	240.78	
220.617	261.85	
221.079	247.8	
221.542	278.23	
222.004	282.91	
222.467	243.12	
222.929	280.57	
223.391	287.59	
223.853	289.93	
224.315	264.19	
224.777	261.85	
225.239	303.98	
225.701	261.85	
226.163	266.53	
226.625	353.13	
227.087	303.98	
227.549	268.87	
228.011	271.21	
228.472	339.09	
228.934	280.57	
229.396	268.87	
229.857	172.91	
230.319	308.66	
230.78	264.19	
231.242	224.4	
231.703	280.57	
232.164	292.27	
232.626	275.89	
233.087	240.78	
233.548	341.43	
234.009	271.21	
234.47	236.1	
234.931	278.23	
235.392	350.79	
235.853	301.64	
236.314	257.17	
236.775	282.91	
237.235	294.61	
237.696	339.09	
238.157	250.14	
238.618	250.14	
239.078	315.68	
239.539	296.96	
239.999	259.51	
240.46	224.4	
240.92	303.98	
241.38	247.8	
241.841	261.85	
242.301	318.02	
242.761	275.89	
243.221	325.04	
243.681	287.59	
244.141	350.79	
244.601	285.25	
245.061	236.1	
245.521	266.53	
245.981	289.93	
246.441	311	
246.901	296.96	
247.36	315.68	
247.82	343.77	
248.28	219.72	
248.739	329.72	
249.199	285.25	
249.658	280.57	
250.117	224.4	
250.577	296.96	
251.036	320.36	
251.495	339.09	
251.955	271.21	
252.414	341.43	
252.873	299.3	
253.332	334.4	
253.791	268.87	
254.25	318.02	
254.709	301.64	
255.168	257.17	
255.627	215.04	
256.085	257.17	
256.544	318.02	
257.003	311	
257.461	278.23	
257.92	266.53	
258.379	320.36	
258.837	257.17	
259.295	254.83	
259.754	303.98	
260.212	254.83	
260.67	273.55	
261.129	301.64	
261.587	236.1	
262.045	306.32	
262.503	296.96	
262.961	329.72	
263.419	325.04	
263.877	311	
264.335	327.38	
264.793	275.89	
265.251	320.36	
265.708	233.76	
266.166	203.33	
266.624	275.89	
267.081	273.55	
267.539	311	
267.996	275.89	
268.454	289.93	
268.911	301.64	
269.369	315.68	
269.826	268.87	
270.283	343.77	
270.74	346.11	
271.198	278.23	
271.655	346.11	
272.112	303.98	
272.569	266.53	
273.026	299.3	
273.483	318.02	
273.94	257.17	
274.396	282.91	
274.853	329.72	
275.31	299.3	
275.767	289.93	
276.223	292.27	
276.68	287.59	
277.136	329.72	
277.593	332.06	
278.049	336.74	
278.506	301.64	
278.962	289.93	
279.418	264.19	
279.874	381.21	
280.331	257.17	
280.787	296.96	
281.243	252.49	
281.699	203.33	
282.155	294.61	
282.611	292.27	
283.067	252.49	
283.522	257.17	
283.978	280.57	
284.434	273.55	
284.89	292.27	
285.345	350.79	
285.801	320.36	
286.256	308.66	
286.712	259.51	
287.167	301.64	
287.623	259.51	
288.078	268.87	
288.533	289.93	
288.989	285.25	
289.444	301.64	
289.899	294.61	
290.354	332.06	
290.809	378.87	
291.264	334.4	
291.719	264.19	
292.174	282.91	
292.629	264.19	
293.084	306.32	
293.538	243.12	
293.993	254.83	
294.448	339.09	
294.902	343.77	
295.357	350.79	
295.811	299.3	
296.266	292.27	
296.72	311	
297.174	364.83	
297.629	278.23	
298.083	402.28	
298.537	339.09	
298.991	413.98	
299.446	332.06	
299.9	294.61	
300.354	289.93	
300.808	306.32	
301.261	357.81	
301.715	343.77	
302.169	343.77	
302.623	275.89	
303.077	369.51	
303.53	442.07	
303.984	449.09	
304.437	397.6	
304.891	325.04	
305.344	315.68	
305.798	357.81	
306.251	322.7	
306.704	306.32	
307.158	318.02	
307.611	360.15	
308.064	320.36	
308.517	311	
308.97	378.87	
309.423	294.61	
309.876	325.04	
310.329	311	
310.782	320.36	
311.235	371.85	
311.688	343.77	
312.14	355.47	
312.593	399.94	
313.046	563.78	
313.498	959.33	
313.951	1268.28	
314.403	1628.72	
314.856	1558.5	
315.308	1205.08	
315.76	830.6	
316.213	554.41	
316.665	402.28	
317.117	367.17	
317.569	383.56	
318.021	275.89	
318.473	376.53	
318.925	355.47	
319.377	325.04	
319.829	303.98	
320.281	343.77	
320.733	315.68	
321.184	355.47	
321.636	341.43	
322.088	329.72	
322.539	308.66	
322.991	275.89	
323.442	313.34	
323.894	357.81	
324.345	348.45	
324.796	308.66	
325.248	311	
325.699	334.4	
326.15	353.13	
326.601	315.68	
327.052	378.87	
327.503	376.53	
327.954	378.87	
328.405	402.28	
328.856	383.56	
329.307	311	
329.758	334.4	
330.208	268.87	
330.659	327.38	
331.11	332.06	
331.56	311	
332.011	322.7	
332.461	346.11	
332.912	392.92	
333.362	325.04	
333.813	329.72	
334.263	381.21	
334.713	341.43	
335.163	449.09	
335.613	472.5	
336.063	428.03	
336.513	519.31	
336.963	488.88	
337.413	350.79	
337.863	395.26	
338.313	425.68	
338.763	348.45	
339.213	315.68	
339.662	325.04	
340.112	334.4	
340.562	320.36	
341.011	348.45	
341.461	341.43	
341.91	285.25	
342.359	332.06	
342.809	311	
343.258	311	
343.707	423.34	
344.156	381.21	
344.606	404.62	
345.055	357.81	
345.504	329.72	
345.953	348.45	
346.402	360.15	
346.85	409.3	
347.299	348.45	
347.748	446.75	
348.197	399.94	
348.645	465.47	
349.094	416.32	
349.543	385.9	
349.991	444.41	
350.44	435.05	
350.888	491.22	
351.336	404.62	
351.785	428.03	
352.233	428.03	
352.681	390.58	
353.13	399.94	
353.578	353.13	
354.026	369.51	
354.474	364.83	
354.922	355.47	
355.37	360.15	
355.818	411.64	
356.265	381.21	
356.713	425.68	
357.161	374.19	
357.609	348.45	
358.056	392.92	
358.504	378.87	
358.951	432.71	
359.399	435.05	
359.846	404.62	
360.294	477.18	
360.741	390.58	
361.188	343.77	
361.635	329.72	
362.083	348.45	
362.53	388.24	
362.977	458.45	
363.424	383.56	
363.871	479.52	
364.318	456.11	
364.765	624.63	
365.211	1001.46	
365.658	1769.15	
366.105	3377.1	
366.552	4081.6	
366.998	4119.05	
367.445	3440.29	
367.891	2157.68	
368.338	1418.07	
368.784	795.49	
369.231	566.12	
369.677	437.39	
370.123	367.17	
370.569	339.09	
371.016	378.87	
371.462	423.34	
371.908	360.15	
372.354	395.26	
372.8	367.17	
373.246	385.9	
373.692	362.49	
374.137	409.3	
374.583	334.4	
375.029	339.09	
375.475	446.75	
375.92	364.83	
376.366	318.02	
376.811	299.3	
377.257	395.26	
377.702	435.05	
378.147	360.15	
378.593	313.34	
379.038	374.19	
379.483	357.81	
379.928	413.98	
380.374	315.68	
380.819	339.09	
381.264	280.57	
381.709	362.49	
382.153	343.77	
382.598	327.38	
383.043	325.04	
383.488	341.43	
383.933	303.98	
384.377	332.06	
384.822	303.98	
385.266	318.02	
385.711	399.94	
386.155	282.91	
386.6	399.94	
387.044	367.17	
387.488	350.79	
387.933	341.43	
388.377	362.49	
388.821	360.15	
389.265	399.94	
389.709	315.68	
390.153	353.13	
390.597	308.66	
391.041	329.72	
391.485	374.19	
391.929	322.7	
392.372	299.3	
392.816	346.11	
393.26	395.26	
393.703	285.25	
394.147	367.17	
394.59	327.38	
395.034	285.25	
395.477	320.36	
395.921	334.4	
396.364	362.49	
396.807	378.87	
397.25	362.49	
397.693	367.17	
398.137	425.68	
398.58	411.64	
399.023	339.09	
399.466	439.73	
399.908	413.98	
400.351	381.21	
400.794	453.77	
401.237	474.84	
401.679	481.86	
402.122	563.78	
402.565	514.63	
403.007	502.92	
403.45	435.05	
403.892	395.26	
404.334	404.62	
404.777	533.35	
405.219	832.94	
405.661	1373.6	
406.103	1668.51	
406.546	1710.64	
406.988	1385.3	
407.43	996.78	
407.872	655.06	
408.314	549.73	
408.755	552.07	
409.197	556.75	
409.639	545.05	
410.081	491.22	
410.522	369.51	
410.964	435.05	
411.406	320.36	
411.847	371.85	
412.289	456.11	
412.73	385.9	
413.171	381.21	
413.613	320.36	
414.054	360.15	
414.495	285.25	
414.936	292.27	
415.377	360.15	
415.818	320.36	
416.259	399.94	
416.7	409.3	
417.141	418.66	
417.582	390.58	
418.023	428.03	
418.464	332.06	
418.904	350.79	
419.345	378.87	
419.786	416.32	
420.226	402.28	
420.667	418.66	
421.107	465.47	
421.547	423.34	
421.988	442.07	
422.428	421	
422.868	411.64	
423.308	397.6	
423.749	353.13	
424.189	385.9	
424.629	364.83	
425.069	355.47	
425.509	343.77	
425.949	369.51	
426.388	282.91	
426.828	332.06	
427.268	355.47	
427.708	402.28	
428.147	367.17	
428.587	413.98	
429.026	404.62	
429.466	383.56	
429.905	388.24	
430.344	404.62	
430.784	357.81	
431.223	282.91	
431.662	350.79	
432.101	325.04	
432.541	320.36	
432.98	334.4	
433.419	362.49	
433.858	432.71	
434.296	350.79	
434.735	446.75	
435.174	463.13	
435.613	603.57	
436.052	900.81	
436.49	1715.32	
436.929	2653.87	
437.367	3306.88	
437.806	3189.86	
438.244	2614.09	
438.683	1584.25	
439.121	1031.88	
439.559	596.54	
439.998	505.26	
440.436	442.07	
440.874	428.03	
441.312	381.21	
441.75	350.79	
442.188	308.66	
442.626	367.17	
443.064	392.92	
443.502	364.83	
443.939	367.17	
444.377	299.3	
444.815	268.87	
445.253	336.74	
445.69	360.15	
446.128	399.94	
446.565	336.74	
447.002	346.11	
447.44	397.6	
447.877	315.68	
448.314	327.38	
448.752	369.51	
449.189	332.06	
449.626	320.36	
450.063	402.28	
450.5	383.56	
450.937	287.59	
451.374	334.4	
451.811	371.85	
452.248	313.34	
452.684	275.89	
453.121	299.3	
453.558	299.3	
453.994	318.02	
454.431	353.13	
454.867	292.27	
455.304	350.79	
455.74	355.47	
456.176	289.93	
456.613	313.34	
457.049	339.09	
457.485	343.77	
457.921	336.74	
458.357	327.38	
458.793	339.09	
459.229	339.09	
459.665	350.79	
460.101	360.15	
460.537	341.43	
460.973	371.85	
461.408	353.13	
461.844	404.62	
462.28	348.45	
462.715	353.13	
463.151	350.79	
463.586	313.34	
464.022	325.04	
464.457	320.36	
464.892	313.34	
465.328	353.13	
465.763	367.17	
466.198	374.19	
466.633	292.27	
467.068	306.32	
467.503	294.61	
467.938	301.64	
468.373	378.87	
468.808	357.81	
469.243	303.98	
469.677	296.96	
470.112	343.77	
470.547	395.26	
470.981	348.45	
471.416	306.32	
471.85	257.17	
472.285	364.83	
472.719	325.04	
473.153	334.4	
473.588	308.66	
474.022	334.4	
474.456	383.56	
474.89	355.47	
475.324	327.38	
475.758	369.51	
476.192	313.34	
476.626	322.7	
477.06	322.7	
477.494	402.28	
477.928	339.09	
478.361	343.77	
478.795	371.85	
479.229	348.45	
479.662	341.43	
480.096	334.4	
480.529	369.51	
480.962	280.57	
481.396	390.58	
481.829	264.19	
482.262	289.93	
482.695	385.9	
483.129	327.38	
483.562	346.11	
483.995	334.4	
484.428	318.02	
484.861	343.77	
485.294	350.79	
485.726	332.06	
486.159	341.43	
486.592	383.56	
487.024	341.43	
487.457	362.49	
487.89	348.45	
488.322	343.77	
488.755	374.19	
489.187	301.64	
489.619	346.11	
490.052	315.68	
490.484	369.51	
490.916	336.74	
491.348	343.77	
491.78	355.47	
492.212	341.43	
492.644	357.81	
493.076	374.19	
493.508	397.6	
493.94	308.66	
494.372	409.3	
494.804	385.9	
495.235	360.15	
495.667	376.53	
496.098	303.98	
496.53	318.02	
496.961	339.09	
497.393	329.72	
497.824	376.53	
498.256	306.32	
498.687	374.19	
499.118	343.77	
499.549	334.4	
499.98	343.77	
500.411	252.49	
500.842	280.57	
501.273	303.98	
501.704	378.87	
502.135	313.34	
502.566	346.11	
502.997	346.11	
503.427	320.36	
503.858	362.49	
504.289	306.32	
504.719	322.7	
505.15	229.08	
505.58	296.96	
506.01	369.51	
506.441	346.11	
506.871	334.4	
507.301	329.72	
507.731	350.79	
508.161	413.98	
508.592	332.06	
509.022	280.57	
509.451	287.59	
509.881	296.96	
510.311	278.23	
510.741	329.72	
511.171	266.53	
511.6	360.15	
512.03	341.43	
512.46	322.7	
512.889	315.68	
513.319	315.68	
513.748	343.77	
514.178	334.4	
514.607	292.27	
515.036	327.38	
515.465	346.11	
515.895	313.34	
516.324	355.47	
516.753	325.04	
517.182	332.06	
517.611	341.43	
518.04	325.04	
518.469	360.15	
518.897	397.6	
519.326	301.64	
519.755	353.13	
520.183	360.15	
520.612	320.36	
521.041	329.72	
521.469	343.77	
521.898	374.19	
522.326	329.72	
522.754	301.64	
523.183	320.36	
523.611	364.83	
524.039	350.79	
524.467	278.23	
524.895	409.3	
525.323	296.96	
525.751	364.83	
526.179	306.32	
526.607	383.56	
527.035	275.89	
527.463	336.74	
527.89	346.11	
528.318	346.11	
528.745	341.43	
529.173	357.81	
529.601	383.56	
530.028	261.85	
530.455	322.7	
530.883	367.17	
531.31	348.45	
531.737	280.57	
532.164	322.7	
532.592	329.72	
533.019	348.45	
533.446	371.85	
533.873	313.34	
534.3	315.68	
534.726	320.36	
535.153	334.4	
535.58	299.3	
536.007	362.49	
536.433	313.34	
536.86	371.85	
537.287	299.3	
537.713	350.79	
538.139	322.7	
538.566	395.26	
538.992	346.11	
539.418	303.98	
539.845	362.49	
540.271	282.91	
540.697	329.72	
541.123	303.98	
541.549	381.21	
541.975	346.11	
542.401	348.45	
542.827	282.91	
543.253	343.77	
543.678	313.34	
544.104	322.7	
544.53	432.71	
544.955	325.04	
545.381	350.79	
545.806	460.79	
546.232	821.24	
546.657	2178.75	
547.083	3669.67	
547.508	4898.45	
547.933	5188.68	
548.358	4423.32	
548.783	3351.35	
549.209	2157.68	
549.634	1284.66	
550.059	839.96	
550.483	563.78	
550.908	435.05	
551.333	348.45	
551.758	362.49	
552.183	341.43	
552.607	381.21	
553.032	371.85	
553.456	306.32	
553.881	397.6	
554.305	320.36	
554.73	364.83	
555.154	327.38	
555.578	318.02	
556.003	385.9	
556.427	348.45	
556.851	313.34	
557.275	416.32	
557.699	332.06	
558.123	273.55	
558.547	334.4	
558.971	306.32	
559.395	250.14	
559.818	287.59	
560.242	409.3	
560.666	313.34	
561.089	341.43	
561.513	364.83	
561.936	313.34	
562.36	336.74	
562.783	348.45	
563.206	311	
563.63	350.79	
564.053	315.68	
564.476	294.61	
564.899	273.55	
565.322	301.64	
565.745	357.81	
566.168	341.43	
566.591	306.32	
567.014	296.96	
567.437	287.59	
567.86	339.09	
568.282	329.72	
568.705	285.25	
569.128	411.64	
569.55	308.66	
569.973	292.27	
570.395	367.17	
570.817	268.87	
571.24	318.02	
571.662	388.24	
572.084	311	
572.506	390.58	
572.928	369.51	
573.35	332.06	
573.772	343.77	
574.194	315.68	
574.616	322.7	
575.038	306.32	
575.46	343.77	
575.882	313.34	
576.303	360.15	
576.725	320.36	
577.147	388.24	
577.568	725.27	
577.99	910.18	
578.411	1191.04	
578.832	1144.23	
579.254	1177	
579.675	1303.39	
580.096	1326.79	
580.517	1415.73	
580.938	1429.77	
581.36	1258.92	
581.781	942.94	
582.201	701.87	
582.622	624.63	
583.043	421	
583.464	404.62	
583.885	336.74	
584.305	318.02	
584.726	299.3	
585.147	318.02	
585.567	264.19	
585.988	303.98	
586.408	346.11	
586.828	327.38	
587.249	439.73	
587.669	371.85	
588.089	362.49	
588.509	425.68	
588.929	308.66	
589.349	378.87	
589.769	378.87	
590.189	406.96	
590.609	367.17	
591.029	378.87	
591.449	390.58	
591.868	329.72	
592.288	362.49	
592.708	301.64	
593.127	325.04	
593.547	271.21	
593.966	264.19	
594.386	383.56	
594.805	320.36	
595.224	285.25	
595.643	318.02	
596.063	367.17	
596.482	341.43	
596.901	334.4	
597.32	306.32	
597.739	350.79	
598.158	315.68	
598.577	357.81	
598.995	383.56	
599.414	313.34	
599.833	334.4	
600.252	336.74	
600.67	311	
601.089	196.31	
601.507	311	
601.926	285.25	
602.344	341.43	
602.762	315.68	
603.181	318.02	
603.599	315.68	
604.017	282.91	
604.435	315.68	
604.853	327.38	
605.271	327.38	
605.689	364.83	
606.107	371.85	
606.525	341.43	
606.943	364.83	
607.36	280.57	
607.778	350.79	
608.196	266.53	
608.613	301.64	
609.031	378.87	
609.448	346.11	
609.866	315.68	
610.283	334.4	
610.7	273.55	
611.118	315.68	
611.535	332.06	
611.952	275.89	
612.369	322.7	
612.786	311	
613.203	322.7	
613.62	268.87	
614.037	325.04	
614.454	339.09	
614.87	287.59	
615.287	353.13	
615.704	322.7	
616.12	327.38	
616.537	296.96	
616.953	355.47	
617.37	322.7	
617.786	245.46	
618.203	383.56	
618.619	341.43	
619.035	313.34	
619.451	348.45	
619.868	282.91	
620.284	261.85	
620.7	339.09	
621.116	268.87	
621.531	348.45	
621.947	315.68	
622.363	336.74	
622.779	329.72	
623.195	322.7	
623.61	306.32	
624.026	327.38	
624.441	364.83	
624.857	343.77	
625.272	296.96	
625.688	355.47	
626.103	285.25	
626.518	341.43	
626.933	341.43	
627.349	327.38	
627.764	327.38	
628.179	306.32	
628.594	348.45	
629.009	296.96	
629.424	294.61	
629.838	243.12	
630.253	369.51	
630.668	282.91	
631.083	332.06	
631.497	287.59	
631.912	252.49	
632.326	329.72	
632.741	306.32	
633.155	320.36	
633.57	303.98	
633.984	318.02	
634.398	353.13	
634.812	346.11	
635.226	301.64	
635.64	395.26	
636.054	322.7	
636.468	313.34	
636.882	341.43	
637.296	339.09	
637.71	357.81	
638.124	250.14	
638.537	254.83	
638.951	357.81	
639.365	245.46	
639.778	353.13	
640.192	313.34	
640.605	339.09	
641.019	357.81	
641.432	278.23	
641.845	336.74	
642.258	357.81	
642.672	315.68	
643.085	306.32	
643.498	303.98	
643.911	313.34	
644.324	226.74	
644.737	332.06	
645.149	332.06	
645.562	353.13	
645.975	306.32	
646.388	259.51	
646.8	334.4	
647.213	348.45	
647.625	355.47	
648.038	336.74	
648.45	397.6	
648.862	313.34	
649.275	371.85	
649.687	364.83	
650.099	285.25	
650.511	320.36	
650.923	348.45	
651.335	289.93	
651.747	299.3	
652.159	371.85	
652.571	287.59	
652.983	311	
653.395	303.98	
653.806	346.11	
654.218	318.02	
654.63	294.61	
655.041	329.72	
655.453	376.53	
655.864	327.38	
656.275	341.43	
656.687	371.85	
657.098	371.85	
657.509	353.13	
657.92	294.61	
658.332	343.77	
658.743	313.34	
659.154	336.74	
659.565	341.43	
659.975	320.36	
660.386	397.6	
660.797	320.36	
661.208	332.06	
661.618	287.59	
662.029	301.64	
662.44	376.53	
662.85	353.13	
663.261	282.91	
663.671	346.11	
664.081	385.9	
664.492	320.36	
664.902	322.7	
665.312	343.77	
665.722	303.98	
666.132	287.59	
666.542	320.36	
666.952	301.64	
667.362	308.66	
667.772	311	
668.182	360.15	
668.591	376.53	
669.001	334.4	
669.411	303.98	
669.82	315.68	
670.23	315.68	
670.639	348.45	
671.049	346.11	
671.458	278.23	
671.867	289.93	
672.277	289.93	
672.686	311	
673.095	378.87	
673.504	392.92	
673.913	341.43	
674.322	294.61	
674.731	343.77	
675.14	320.36	
675.549	350.79	
675.957	268.87	
676.366	268.87	
676.775	308.66	
677.183	343.77	
677.592	329.72	
678	350.79	
678.409	261.85	
678.817	266.53	
679.226	289.93	
679.634	343.77	
680.042	259.51	
680.45	308.66	
680.858	320.36	
681.266	318.02	
681.674	369.51	
682.082	313.34	
682.49	308.66	
682.898	315.68	
683.306	327.38	
683.714	306.32	
684.121	250.14	
684.529	299.3	
684.936	346.11	
685.344	275.89	
685.751	313.34	
686.159	280.57	
686.566	303.98	
686.973	322.7	
687.381	325.04	
687.788	315.68	
688.195	369.51	
688.602	334.4	
689.009	329.72	
689.416	308.66	
689.823	294.61	
690.23	371.85	
690.636	303.98	
691.043	334.4	
691.45	336.74	
691.857	376.53	
692.263	332.06	
692.67	343.77	
693.076	318.02	
693.483	336.74	
693.889	287.59	
694.295	301.64	
694.701	285.25	
695.108	289.93	
695.514	346.11	
695.92	280.57	
696.326	343.77	
696.732	282.91	
697.138	299.3	
697.544	308.66	
697.949	378.87	
698.355	294.61	
698.761	367.17	
699.167	360.15	
699.572	322.7	
699.978	367.17	
700.383	334.4	
700.789	343.77	
701.194	311	
701.599	296.96	
702.004	311	
702.41	322.7	
702.815	374.19	
703.22	367.17	
703.625	266.53	
704.03	306.32	
704.435	320.36	
704.84	369.51	
705.245	268.87	
705.649	329.72	
706.054	336.74	
706.459	315.68	
706.863	325.04	
707.268	322.7	
707.672	357.81	
708.077	421	
708.481	327.38	
708.885	336.74	
709.29	339.09	
709.694	339.09	
710.098	392.92	
710.502	327.38	
710.906	285.25	
711.31	353.13	
711.714	240.78	
712.118	318.02	
712.522	364.83	
712.926	315.68	
713.329	280.57	
713.733	299.3	
714.137	327.38	
714.54	299.3	
714.944	369.51	
715.347	308.66	
715.75	303.98	
716.154	275.89	
716.557	332.06	
716.96	381.21	
717.363	369.51	
717.767	329.72	
718.17	292.27	
718.573	311	
718.976	392.92	
719.378	311	
719.781	325.04	
720.184	315.68	
720.587	334.4	
720.989	257.17	
721.392	306.32	
721.795	261.85	
722.197	299.3	
722.6	271.21	
723.002	362.49	
723.404	318.02	
723.807	275.89	
724.209	364.83	
724.611	322.7	
725.013	346.11	
725.415	303.98	
725.817	292.27	
726.219	318.02	
726.621	381.21	
727.023	341.43	
727.425	278.23	
727.826	348.45	
728.228	355.47	
728.63	303.98	
729.031	325.04	
729.433	303.98	
729.834	329.72	
730.236	318.02	
730.637	353.13	
731.038	313.34	
731.44	259.51	
731.841	296.96	
732.242	252.49	
732.643	360.15	
733.044	353.13	
733.445	322.7	
733.846	275.89	
734.247	303.98	
734.647	306.32	
735.048	327.38	
735.449	311	
735.849	334.4	
736.25	353.13	
736.65	350.79	
737.051	332.06	
737.451	376.53	
737.852	285.25	
738.252	369.51	
738.652	268.87	
739.052	371.85	
739.453	385.9	
739.853	362.49	
740.253	362.49	
740.653	374.19	
741.052	360.15	
741.452	329.72	
741.852	318.02	
742.252	275.89	
742.651	271.21	
743.051	264.19	
743.451	367.17	
743.85	275.89	
744.25	259.51	
744.649	271.21	
745.048	287.59	
745.448	278.23	
745.847	320.36	
746.246	322.7	
746.645	336.74	
747.044	280.57	
747.443	378.87	
747.842	357.81	
748.241	296.96	
748.64	318.02	
749.039	299.3	
749.438	329.72	
749.836	273.55	
750.235	350.79	
750.633	308.66	
751.032	402.28	
751.43	498.24	
751.829	554.41	
752.227	587.18	
752.625	547.39	
753.024	519.31	
753.422	498.24	
753.82	516.97	
754.218	327.38	
754.616	311	
755.014	339.09	
755.412	353.13	
755.81	329.72	
756.208	327.38	
756.605	301.64	
757.003	296.96	
757.401	238.44	
757.798	282.91	
758.196	285.25	
758.593	329.72	
758.99	332.06	
759.388	292.27	
759.785	292.27	
760.182	334.4	
760.58	292.27	
760.977	325.04	
761.374	306.32	
761.771	296.96	
762.168	294.61	
762.565	325.04	
762.961	360.15	
763.358	336.74	
763.755	374.19	
764.152	343.77	
764.548	449.09	
764.945	451.43	
765.341	566.12	
765.738	435.05	
766.134	453.77	
766.53	374.19	
766.927	376.53	
767.323	399.94	
767.719	343.77	
768.115	353.13	
768.511	261.85	
768.907	385.9	
769.303	355.47	
769.699	332.06	
770.095	289.93	
770.491	285.25	
770.886	320.36	
771.282	336.74	
771.678	367.17	
772.073	313.34	
772.469	259.51	
772.864	311	
773.26	289.93	
773.655	339.09	
774.05	395.26	
774.445	416.32	
774.841	353.13	
775.236	303.98	
775.631	268.87	
776.026	367.17	
776.421	343.77	
776.816	275.89	
777.21	334.4	
777.605	313.34	
778	278.23	
778.395	332.06	
778.789	273.55	
779.184	322.7	
779.578	250.14	
779.973	271.21	
780.367	296.96	
780.761	296.96	
781.156	325.04	
781.55	271.21	
781.944	332.06	
782.338	285.25	
782.732	299.3	
783.126	322.7	
783.52	322.7	
783.914	306.32	
784.308	339.09	
784.701	322.7	
785.095	236.1	
785.489	329.72	
785.882	341.43	
786.276	245.46	
786.669	311	
787.063	292.27	
787.456	343.77	
787.85	329.72	
788.243	254.83	
788.636	320.36	
789.029	236.1	
789.422	327.38	
789.815	325.04	
790.208	306.32	
790.601	236.1	
790.994	245.46	
791.387	364.83	
791.78	280.57	
792.172	289.93	
792.565	287.59	
792.957	306.32	
793.35	289.93	
793.742	294.61	
794.135	271.21	
794.527	383.56	
794.919	346.11	
795.312	318.02	
795.704	334.4	
796.096	416.32	
796.488	355.47	
796.88	355.47	
797.272	397.6	
797.664	392.92	
798.056	292.27	
798.448	275.89	
798.839	322.7	
799.231	320.36	
799.623	285.25	