0	357.5	2.2         8       0       0	    8
5	354     2.31	    8       0       0	    8
10	1	    2.42	    8   	201	    85  	8
15	2	    2.45	    8   	210	    100 	8
20	4	    2.56	    8   	220	    110 	8
25	5.5	    2.61        8   	230	    130 	8
30	7.5	    2.8	        8   	240	    164 	8
35	9	    2.24	    8   	249	    208 	8
40	11.5	2.2 	    8   	259	    260 	8
45	14	    2.07   	    8   	270	    317 	8
50	16	    1.7 	    8   	280	    400 	8
55	18	    1.45   	    8   	289.5	500    	8
60	21	    1.2 	    8   	300	    630 	8
65	24	    0.940	    8   	310.5	820 	8
70	27	    0.666	    8   	320	    1100   	8
75	30	    0.400	    8   	330	    1700	8
80	33	    0.154	    8   	340	    2200	8
85	36	    0.008	    8   	350	    2350	8