0	0	    3.8 	    0.012 	0	    0	    0       0	0
5	1.5	    4.1	        0.012 	0	    0	    0	    0	0
10	3	    4.2	        0.012	202	    0.120	0.012	0	0
15	4.5	    4.0	        0.012 	212.5	0.190	0.012	0	0
20	6	    3.8	        0.012	222.5	0.155	0.012	0	0
25	8	    3.6	        0.012	232	    0.150	0.012	0	0
30	10	    3.3	        0.012	243	    0.230	0.012	0	0
35	12	    3.3	        0.012	248	    0.170	0.012	0	0
40	14.5	3.1	        0.012	258.5	0.270	0.012	0	0
45	16	    2.9	        0.012	268.5	0.280	0.012	0	0
50	19	    2.4	        0.012	279	    0.470	0.012	0	0
55	21.5	2.4	        0.012	288	    0.550	0.012	0	0
60	24.5	1.8	        0.012	299.5	0.770	0.012	0	0
65	27.5	1.4	        0.012	309	    1.1	    0.012	0	0
70	31	    1.07	    0.012	319	    1.3	    0.012	0	0
75	35	    0.720	    0.012	329	    2.0	    0.012	0	0
80	40	    0.305	    0.012	340	    2.9	    0.012	0	0
85	47	    0.040	    0.012	350	    3.6	    0.012	0	0